  6.1035156e-005
  3.0517578e-005
  0.0000000e+000
  0.0000000e+000
  0.0000000e+000
  0.0000000e+000
  0.0000000e+000
  3.0517578e-005
  3.0517578e-005
  0.0000000e+000
  0.0000000e+000
  0.0000000e+000
  0.0000000e+000
  6.1035156e-005
  1.2207031e-004
  9.1552734e-005
  1.2207031e-004
  3.0517578e-005
 -6.1035156e-005
 -1.8310547e-004
 -9.1552734e-005
 -1.8310547e-004
  0.0000000e+000
  0.0000000e+000
 -1.2207031e-004
  0.0000000e+000
  1.2207031e-004
 -9.1552734e-005
  3.9672852e-004
 -4.2724609e-004
  7.3242188e-004
 -1.0681152e-003
  1.3122559e-003
 -1.8920898e-003
  2.1057129e-003
 -2.4414063e-003
  2.8686523e-003
  1.7395020e-003
  1.2594604e-001
  1.8438721e-001
 -1.1807251e-001
 -8.8623047e-002
 -2.5573730e-002
 -1.1096191e-001
  1.2393188e-001
  1.9158936e-001
  9.4482422e-002
  2.3556519e-001
  3.0871582e-001
 -8.7493896e-002
 -2.3144531e-001
 -1.4038086e-003
 -1.8945313e-001
 -4.4107056e-001
 -2.4166870e-001
 -7.6080322e-002
 -1.8154907e-001
 -8.5327148e-002
  1.3522339e-001
  1.3467407e-001
  1.0403442e-001
  2.0742798e-001
  2.2195435e-001
  1.1990356e-001
  1.0040283e-001
  7.0281982e-002
 -2.8503418e-002
 -6.0363770e-002
 -4.2114258e-002
 -8.4197998e-002
 -1.1627197e-001
 -9.9975586e-002
 -8.0291748e-002
 -6.7687988e-002
 -7.1105957e-002
 -7.0007324e-002
 -4.5928955e-002
 -2.0446777e-002
  2.6855469e-003
  3.3233643e-002
  5.1147461e-002
  5.3039551e-002
  7.3394775e-002
  9.4818115e-002
  7.9406738e-002
  5.3131104e-002
  3.6651611e-002
  1.1657715e-002
 -1.8676758e-002
 -3.3599854e-002
 -4.7698975e-002
 -6.5460205e-002
 -6.9519043e-002
 -6.3232422e-002
 -5.3985596e-002
 -3.7200928e-002
 -1.4678955e-002
  3.3874512e-003
  1.7486572e-002
  3.0883789e-002
  3.9550781e-002
  4.3182373e-002
  4.1442871e-002
  3.5705566e-002
  2.5085449e-002
  1.0833740e-002
 -3.4484863e-003
 -1.3549805e-002
 -1.9470215e-002
 -2.5604248e-002
 -2.9846191e-002
 -3.0487061e-002
 -2.6214600e-002
 -1.9134521e-002
 -1.1077881e-002
 -2.8381348e-003
  4.8217773e-003
  1.1535645e-002
  1.3854980e-002
  1.2115479e-002
  1.2054443e-002
  1.3000488e-002
  1.2420654e-002
  9.5214844e-003
  4.8828125e-003
 -3.6621094e-004
 -5.0964355e-003
 -7.3547363e-003
 -8.9416504e-003
 -9.5520020e-003
 -9.7961426e-003
 -1.1596680e-002
 -1.2207031e-002
 -7.9040527e-003
 -1.1596680e-003
  3.6926270e-003
  5.8288574e-003
  6.4086914e-003
  6.8359375e-003
  6.1340332e-003
  4.3334961e-003
  4.2114258e-003
  4.4860840e-003
  2.1667480e-003
 -4.2724609e-004
 -5.4931641e-004
 -9.1552734e-004
 -1.8005371e-003
 -1.4038086e-003
 -1.7395020e-003
 -2.7160645e-003
 -1.9226074e-003
 -1.1596680e-003
 -1.0375977e-003
  1.1596680e-003
  3.2653809e-003
  3.6926270e-003
  3.3874512e-003
  3.8757324e-003
  4.7912598e-003
  5.6762695e-003
  6.0729980e-003
  4.9743652e-003
  3.7841797e-003
  3.1127930e-003
  2.5329590e-003
  1.2512207e-003
 -3.9672852e-004
 -2.0141602e-003
 -2.9602051e-003
 -2.5634766e-003
 -6.1035156e-005
  3.3264160e-003
  5.4321289e-003
  5.6152344e-003
  2.7770996e-003
 -2.4414063e-003
 -5.7067871e-003
 -5.6762695e-003
 -4.2724609e-003
 -1.8310547e-003
  1.0681152e-003
  3.4179688e-003
  6.3171387e-003
  9.8571777e-003
  1.1596680e-002
  8.9721680e-003
  2.1362305e-003
 -5.0048828e-003
 -7.7819824e-003
 -7.3852539e-003
 -7.4157715e-003
 -6.3171387e-003
 -2.3193359e-003
  2.5634766e-003
  6.2255859e-003
  8.6975098e-003
  9.9487305e-003
  9.4909668e-003
  7.3242188e-003
  4.4250488e-003
  1.9226074e-003
 -4.2724609e-004
 -2.2888184e-003
 -2.7770996e-003
 -3.7841797e-003
 -5.4626465e-003
 -6.5612793e-003
 -7.7514648e-003
 -5.5236816e-003
 -6.1035156e-004
  3.2653809e-003
  5.9204102e-003
  7.4157715e-003
  8.5449219e-003
  4.8217773e-003
 -1.6784668e-003
 -3.6926270e-003
 -2.9602051e-003
  1.0681152e-003
  5.5541992e-003
  5.8288574e-003
  5.0354004e-003
  5.0048828e-003
  5.7373047e-003
  4.3945313e-003
  8.2397461e-004
 -3.8146973e-003
 -8.0261230e-003
 -5.0964355e-003
  1.5258789e-003
  4.5776367e-003
  3.2043457e-003
 -2.1667480e-003
 -5.2490234e-003
 -2.5634766e-003
 -2.2277832e-003
 -7.0190430e-004
  7.1411133e-003
  1.3305664e-002
  1.8585205e-002
  2.0233154e-002
  1.4587402e-002
  6.2866211e-003
 -2.1362305e-003
 -9.0942383e-003
 -1.4465332e-002
 -1.7242432e-002
 -1.5808105e-002
 -9.3078613e-003
  1.1291504e-003
  7.0190430e-003
  4.8828125e-003
  2.5939941e-003
  2.9907227e-003
  5.6457520e-003
  9.4604492e-003
  9.2468262e-003
  5.1269531e-003
  2.4414063e-004
 -2.9296875e-003
 -4.0893555e-003
 -4.1198730e-003
 -5.3710938e-003
 -5.5541992e-003
 -3.8452148e-003
 -2.8686523e-003
 -1.0681152e-003
  7.3242188e-004
  1.2817383e-003
  1.0986328e-003
  1.3122559e-003
  4.5471191e-003
  9.8266602e-003
  1.1962891e-002
  9.0026855e-003
  3.2653809e-003
 -1.7700195e-003
 -3.7536621e-003
 -3.9672852e-003
 -5.1574707e-003
 -6.7443848e-003
 -7.0495605e-003
 -4.6081543e-003
 -3.0517578e-005
  4.3334961e-003
  4.7607422e-003
  3.0822754e-003
  3.8757324e-003
  5.2490234e-003
  5.8593750e-003
  4.5166016e-003
  3.0517578e-004
 -3.9367676e-003
 -6.0729980e-003
 -5.0964355e-003
 -2.7465820e-003
 -1.8005371e-003
 -1.4648438e-003
 -1.2207031e-004
  1.1901855e-003
  1.0681152e-003
  1.7395020e-003
  1.3427734e-003
  8.8500977e-004
  3.5400391e-003
  5.4626465e-003
  5.3405762e-003
  4.3640137e-003
  1.4953613e-003
 -3.6621094e-003
 -5.4321289e-003
 -3.6010742e-003
 -2.7770996e-003
 -3.6010742e-003
 -4.2724609e-003
 -3.2043457e-003
 -3.0517578e-003
 -1.7395020e-003
 -6.4086914e-004
  2.1362305e-004
  3.5095215e-003
  6.0729980e-003
  6.9274902e-003
  5.2795410e-003
  1.9836426e-003
 -1.2512207e-003
 -4.3945313e-003
 -4.0588379e-003
 -8.8500977e-004
 -8.2397461e-004
 -1.7395020e-003
 -8.5449219e-004
 -1.1291504e-003
 -3.0517578e-004
  2.5024414e-003
  3.3569336e-003
  1.6784668e-003
  6.1035156e-005
 -6.1035156e-004
 -1.9836426e-003
 -2.4719238e-003
 -3.9672852e-004
  7.6293945e-004
 -5.1879883e-004
 -6.4086914e-004
  3.6621094e-004
 -1.2512207e-003
 -1.9226074e-003
  5.4931641e-004
  1.6784668e-003
  4.5776367e-004
 -7.3242188e-004
 -2.7770996e-003
 -4.6691895e-003
 -2.0141602e-003
  6.7138672e-004
  6.1035156e-004
 -3.0517578e-004
 -5.4931641e-004
 -6.7138672e-004
 -4.2724609e-004
  1.7089844e-003
  8.2397461e-004
  6.1035156e-005
  9.4604492e-004
 -9.1552734e-005
 -2.1667480e-003
 -3.1127930e-003
 -1.9836426e-003
 -1.4648438e-003
 -8.8500977e-004
 -3.0517578e-005
 -2.4414063e-004
  4.5776367e-004
 -1.1291504e-003
 -1.2207031e-003
  1.1291504e-003
 -3.6621094e-004
 -1.0070801e-003
  6.1035156e-004
 -1.2207031e-003
 -3.1738281e-003
 -1.4648438e-003
 -1.0681152e-003
 -1.8920898e-003
  2.6855469e-003
  5.4626465e-003
 -1.5563965e-003
 -4.0588379e-003
  7.9345703e-004
 -2.4414063e-004
 -4.0588379e-003
 -1.1291504e-003
  1.5258789e-003
 -9.4604492e-004
  1.5258789e-004
  1.4953613e-003
 -1.0375977e-003
 -1.9531250e-003
 -3.3569336e-004
  1.8310547e-004
  7.9345703e-004
  2.7160645e-003
  1.5869141e-003
 -3.8757324e-003
 -6.4697266e-003
 -4.5166016e-003
 -3.0517578e-003
 -2.1972656e-003
 -1.1291504e-003
  4.5776367e-004
  1.8310547e-003
  3.8757324e-003
  4.7302246e-003
  2.9907227e-003
  2.4414063e-004
 -2.2277832e-003
 -2.8381348e-003
 -8.5449219e-004
  3.6621094e-004
 -1.3427734e-003
 -2.0751953e-003
 -1.9226074e-003
 -2.6550293e-003
 -1.6784668e-003
 -7.0190430e-004
 -1.0375977e-003
  1.2207031e-004
  1.5258789e-003
  6.4086914e-004
  7.3242188e-004
  1.4648438e-003
 -2.7465820e-004
 -1.5563965e-003
 -3.0517578e-004
 -1.2817383e-003
 -2.7770996e-003
 -6.7138672e-004
  1.8310547e-004
 -2.1362305e-004
  1.4953613e-003
  2.0446777e-003
  1.5258789e-004
  1.8310547e-004
 -1.1291504e-003
 -3.8757324e-003
 -2.2888184e-003
  1.0986328e-003
  2.5024414e-003
  1.8310547e-003
  1.4343262e-003
  3.6621094e-004
 -8.2397461e-004
 -8.2397461e-004
 -1.4953613e-003
 -2.1972656e-003
 -1.3732910e-003
 -4.8828125e-004
 -6.7138672e-004
 -8.2397461e-004
 -1.4953613e-003
 -1.4648438e-003
 -1.2512207e-003
 -3.0517578e-005
 -9.1552734e-005
 -1.1596680e-003
 -1.8310547e-004
 -3.9672852e-004
 -5.1879883e-004
  3.0517578e-004
  6.1035156e-004
  1.4343262e-003
  3.0517578e-003
  1.9226074e-003
 -1.1901855e-003
 -2.5329590e-003
 -1.6784668e-003
 -1.8005371e-003
 -2.2888184e-003
 -1.5563965e-003
 -2.1362305e-003
 -1.7700195e-003
  9.7656250e-004
  3.2348633e-003
  3.3264160e-003
  0.0000000e+000
 -1.4953613e-003
  6.1035156e-004
  2.7465820e-003
  2.1362305e-003
 -8.5449219e-004
 -2.6550293e-003
 -5.7983398e-003
 -5.8288574e-003
  3.0517578e-004
  4.9743652e-003
  4.2114258e-003
  1.2817383e-003
 -6.4086914e-004
 -8.8500977e-004
  8.8500977e-004
  2.0446777e-003
  7.9345703e-004
 -3.6621094e-004
  7.9345703e-004
  7.6293945e-004
 -4.5776367e-004
 -5.4931641e-004
 -1.9836426e-003
 -3.0517578e-003
 -1.8615723e-003
