  0.0000000e+000
  0.0000000e+000
  3.0517578e-005
  6.1035156e-005
  0.0000000e+000
  3.0517578e-005
  3.0517578e-005
  0.0000000e+000
  0.0000000e+000
  0.0000000e+000
  3.0517578e-005
  3.0517578e-005
  0.0000000e+000
 -6.1035156e-005
  0.0000000e+000
  9.1552734e-005
  9.1552734e-005
  9.1552734e-005
  1.2207031e-004
  3.0517578e-005
 -9.1552734e-005
 -1.5258789e-004
 -9.1552734e-005
 -1.2207031e-004
  0.0000000e+000
 -3.0517578e-005
 -1.2207031e-004
  6.1035156e-005
  3.0517578e-005
  0.0000000e+000
  2.1362305e-004
 -2.4414063e-004
  4.2724609e-004
 -6.1035156e-004
  8.2397461e-004
 -1.2207031e-003
  1.4648438e-003
 -1.8005371e-003
  2.2583008e-003
  6.5002441e-003
  1.1602783e-001
  1.2911987e-001
 -9.3383789e-002
 -5.1513672e-002
 -2.9602051e-002
 -8.0780029e-002
  9.6069336e-002
  1.4993286e-001
  9.3170166e-002
  2.0031738e-001
  2.4349976e-001
 -5.2642822e-002
 -1.6561890e-001
 -2.7648926e-002
 -1.6543579e-001
 -3.4231567e-001
 -2.0333862e-001
 -8.3190918e-002
 -1.4862061e-001
 -7.0648193e-002
  9.3658447e-002
  1.0586548e-001
  8.4716797e-002
  1.5795898e-001
  1.7153931e-001
  1.0037231e-001
  8.8958740e-002
  7.2540283e-002
 -3.1433105e-003
 -4.0863037e-002
 -3.2592773e-002
 -5.7128906e-002
 -8.6853027e-002
 -8.7493896e-002
 -7.9864502e-002
 -7.7026367e-002
 -7.0190430e-002
 -5.1025391e-002
 -2.9907227e-002
 -1.6998291e-002
  8.5449219e-004
  3.3477783e-002
  5.2673340e-002
  4.5440674e-002
  4.5379639e-002
  5.6915283e-002
  5.2001953e-002
  3.6560059e-002
  2.3956299e-002
  4.7302246e-003
 -1.4923096e-002
 -2.4932861e-002
 -3.6285400e-002
 -4.8706055e-002
 -5.0598145e-002
 -4.5654297e-002
 -3.9123535e-002
 -2.6000977e-002
 -6.4086914e-003
  9.5825195e-003
  1.9409180e-002
  2.7343750e-002
  3.2348633e-002
  3.3508301e-002
  2.8930664e-002
  2.1697998e-002
  1.2695313e-002
  2.5329590e-003
 -8.0871582e-003
 -1.6448975e-002
 -2.0599365e-002
 -2.2766113e-002
 -2.1850586e-002
 -1.9531250e-002
 -1.6143799e-002
 -1.1871338e-002
 -5.7983398e-003
  1.0070801e-003
  5.9509277e-003
  9.3383789e-003
  9.7656250e-003
  8.7890625e-003
  9.0332031e-003
  9.3994141e-003
  8.1176758e-003
  4.5471191e-003
  7.6293945e-004
 -2.5634766e-003
 -5.0659180e-003
 -6.1035156e-003
 -6.8054199e-003
 -6.9885254e-003
 -6.8969727e-003
 -7.4768066e-003
 -7.5378418e-003
 -4.6386719e-003
  1.2207031e-004
  4.1198730e-003
  5.8288574e-003
  5.4931641e-003
  4.6386719e-003
  3.5400391e-003
  2.2888184e-003
  1.9836426e-003
  1.0070801e-003
 -1.3732910e-003
 -2.8076172e-003
 -2.2277832e-003
 -1.8005371e-003
 -1.8005371e-003
 -6.1035156e-004
 -2.7465820e-004
 -3.3569336e-004
  8.2397461e-004
  2.0751953e-003
  2.8991699e-003
  3.8146973e-003
  4.4555664e-003
  4.0283203e-003
  3.0517578e-003
  2.3803711e-003
  2.1667480e-003
  2.8076172e-003
  3.6315918e-003
  3.6926270e-003
  2.5329590e-003
  9.7656250e-004
 -1.5258789e-004
 -9.1552734e-004
 -1.6174316e-003
 -1.8005371e-003
 -1.8310547e-004
  2.5634766e-003
  5.9814453e-003
  7.7209473e-003
  5.4931641e-003
  7.3242188e-004
 -4.0893555e-003
 -6.6833496e-003
 -6.3781738e-003
 -4.5166016e-003
 -2.5634766e-003
 -6.1035156e-004
  2.5024414e-003
  6.4697266e-003
  9.6130371e-003
  9.3383789e-003
  5.2185059e-003
  7.3242188e-004
 -1.3732910e-003
 -1.4343262e-003
 -2.1362305e-003
 -4.0588379e-003
 -4.5166016e-003
 -1.4953613e-003
  2.8381348e-003
  4.8828125e-003
  5.4321289e-003
  5.9204102e-003
  5.8288574e-003
  4.6691895e-003
  2.5939941e-003
  5.7983398e-004
 -9.7656250e-004
 -1.8005371e-003
 -1.4343262e-003
 -1.6784668e-003
 -2.8991699e-003
 -4.3334961e-003
 -4.9743652e-003
 -2.7465820e-003
  3.0517578e-005
  1.9531250e-003
  3.5705566e-003
  4.6386719e-003
  5.8593750e-003
  3.6621094e-003
 -1.8005371e-003
 -4.1198730e-003
 -2.7160645e-003
  5.7983398e-004
  4.2419434e-003
  5.6152344e-003
  6.5612793e-003
  7.5073242e-003
  8.2092285e-003
  6.4697266e-003
  2.2888184e-003
 -1.4343262e-003
 -7.1411133e-003
 -7.2021484e-003
 -1.3122559e-003
  1.0070801e-003
  3.9672852e-004
 -1.3122559e-003
 -2.2888184e-003
 -6.7138672e-004
 -4.5776367e-004
 -1.0986328e-003
  3.7841797e-003
  1.0803223e-002
  1.6479492e-002
  1.8524170e-002
  1.5502930e-002
  9.5825195e-003
  3.3569336e-004
 -8.2397461e-003
 -1.3671875e-002
 -1.6967773e-002
 -1.6937256e-002
 -1.1749268e-002
 -2.2583008e-003
  4.3029785e-003
  5.1879883e-003
  5.4016113e-003
  6.0424805e-003
  6.8054199e-003
  8.9721680e-003
  9.5520020e-003
  6.3781738e-003
  1.8615723e-003
 -1.6479492e-003
 -4.3029785e-003
 -5.6152344e-003
 -6.2255859e-003
 -6.1035156e-003
 -5.1574707e-003
 -3.5400391e-003
 -6.1035156e-004
  1.2817383e-003
  1.3732910e-003
  1.4648438e-003
  3.2348633e-003
  7.1105957e-003
  9.7656250e-003
  1.0131836e-002
  7.9345703e-003
  3.2348633e-003
 -8.2397461e-004
 -3.5400391e-003
 -4.9438477e-003
 -5.7373047e-003
 -6.3171387e-003
 -6.2255859e-003
 -3.9062500e-003
 -3.0517578e-005
  2.7770996e-003
  4.4860840e-003
  4.4555664e-003
  4.1503906e-003
  4.9133301e-003
  5.7678223e-003
  3.4179688e-003
 -2.1362305e-004
 -3.6621094e-003
 -6.2866211e-003
 -5.3100586e-003
 -2.2277832e-003
 -9.4604492e-004
 -1.7395020e-003
 -2.7465820e-004
  1.6784668e-003
  1.8615723e-003
  2.1057129e-003
  1.4038086e-003
  3.9672852e-004
  2.6855469e-003
  5.3710938e-003
  5.4016113e-003
  3.3569336e-003
  2.7465820e-004
 -2.7465820e-003
 -4.9133301e-003
 -3.5705566e-003
 -1.4038086e-003
 -2.2888184e-003
 -3.6315918e-003
 -2.1362305e-003
 -1.9531250e-003
 -3.0822754e-003
 -2.1972656e-003
 -1.8310547e-004
  2.8991699e-003
  5.5541992e-003
  6.3476563e-003
  5.2185059e-003
  3.1127930e-003
 -7.6293945e-004
 -5.0354004e-003
 -5.2795410e-003
 -1.2817383e-003
  7.9345703e-004
 -1.2207031e-004
 -3.0517578e-005
 -3.3569336e-004
  3.6621094e-004
  2.4719238e-003
  3.2653809e-003
  1.6784668e-003
 -6.4086914e-004
 -2.3193359e-003
 -2.7465820e-003
 -2.8076172e-003
 -1.5869141e-003
  1.2817383e-003
  1.3427734e-003
 -1.3122559e-003
 -1.8310547e-003
  5.4931641e-004
  1.4343262e-003
  1.2512207e-003
  1.3122559e-003
 -1.3122559e-003
 -4.2114258e-003
 -3.3264160e-003
 -9.7656250e-004
 -3.3569336e-004
 -1.8310547e-004
 -1.5258789e-004
 -1.2512207e-003
 -8.5449219e-004
  8.8500977e-004
  8.2397461e-004
 -9.1552734e-005
  1.4648438e-003
  2.4414063e-003
  0.0000000e+000
 -1.1901855e-003
 -1.7700195e-003
 -2.8381348e-003
 -3.1738281e-003
 -2.1972656e-003
 -1.1291504e-003
  4.2724609e-004
  1.3122559e-003
 -2.4414063e-004
 -2.1362305e-004
 -4.8828125e-004
 -1.2512207e-003
  2.4414063e-004
  1.3732910e-003
 -1.2512207e-003
 -2.3498535e-003
 -1.6174316e-003
 -1.9836426e-003
 -9.1552734e-005
  1.7395020e-003
 -5.7983398e-004
 -2.4719238e-003
 -6.7138672e-004
  6.1035156e-005
 -6.4086914e-004
  3.3569336e-004
  9.7656250e-004
  2.1362305e-004
  3.3569336e-004
 -6.7138672e-004
 -7.9345703e-004
  2.4414063e-004
 -3.9672852e-004
 -2.1362305e-004
  2.2888184e-003
  1.2817383e-003
 -4.2114258e-003
 -5.1879883e-003
 -1.9836426e-003
 -1.7700195e-003
 -3.5705566e-003
 -3.3264160e-003
 -1.5563965e-003
 -6.4086914e-004
  1.7395020e-003
  4.8522949e-003
  4.2419434e-003
  3.5095215e-003
  2.4719238e-003
 -1.4648438e-003
 -4.3334961e-003
 -3.6010742e-003
 -2.6855469e-003
 -1.7700195e-003
 -1.5258789e-004
 -3.0517578e-005
 -5.7983398e-004
 -7.0190430e-004
 -1.5869141e-003
 -1.7395020e-003
 -3.0517578e-005
  1.0375977e-003
  3.0517578e-004
  1.1596680e-003
  9.7656250e-004
 -6.7138672e-004
  1.2512207e-003
  9.7656250e-004
 -2.7160645e-003
 -2.2277832e-003
 -1.0070801e-003
 -2.4414063e-003
 -1.8615723e-003
 -4.5776367e-004
 -5.7983398e-004
  7.6293945e-004
  2.9296875e-003
  1.4038086e-003
 -1.0070801e-003
 -7.9345703e-004
 -7.3242188e-004
  3.0517578e-005
  1.8615723e-003
  2.2888184e-003
  1.4953613e-003
  1.0375977e-003
 -3.0517578e-005
 -1.6479492e-003
 -2.5024414e-003
 -2.9907227e-003
 -2.9296875e-003
 -2.4414063e-003
 -7.9345703e-004
  6.1035156e-004
 -1.5258789e-004
 -7.3242188e-004
 -5.1879883e-004
  3.9672852e-004
  4.2724609e-004
 -1.2512207e-003
 -1.8005371e-003
 -1.2207031e-003
 -6.4086914e-004
 -9.1552734e-005
  1.7700195e-003
  2.2277832e-003
  7.6293945e-004
  5.4931641e-004
  9.7656250e-004
 -1.0681152e-003
 -3.0212402e-003
 -2.1057129e-003
 -2.1667480e-003
 -2.0446777e-003
 -8.5449219e-004
 -1.1291504e-003
 -6.1035156e-004
  2.5634766e-003
  4.0893555e-003
  3.3569336e-004
 -1.1291504e-003
  1.3732910e-003
  1.5563965e-003
  6.1035156e-004
  2.7465820e-004
 -1.6784668e-003
 -4.8828125e-003
 -5.0048828e-003
 -1.7700195e-003
  2.4414063e-003
  4.6997070e-003
  3.9367676e-003
  7.6293945e-004
 -5.7983398e-004
  1.0681152e-003
  8.2397461e-004
 -4.5776367e-004
 -4.8828125e-004
 -9.1552734e-005
 -3.0517578e-004
 -4.5776367e-004
 -2.7465820e-004
 -9.7656250e-004
 -1.9531250e-003
 -2.0751953e-003
