  3.0517578e-005
  3.0517578e-005
  3.0517578e-005
  0.0000000e+000
  0.0000000e+000
  3.0517578e-005
  0.0000000e+000
  0.0000000e+000
  0.0000000e+000
  0.0000000e+000
  0.0000000e+000
  3.0517578e-005
  0.0000000e+000
 -3.0517578e-005
 -3.0517578e-005
  3.0517578e-005
  3.0517578e-005
  3.0517578e-005
  9.1552734e-005
  9.1552734e-005
  6.1035156e-005
  0.0000000e+000
 -3.0517578e-005
 -9.1552734e-005
 -1.2207031e-004
 -9.1552734e-005
  0.0000000e+000
 -6.1035156e-005
 -9.1552734e-005
  9.1552734e-005
  0.0000000e+000
  0.0000000e+000
  9.1552734e-005
 -6.1035156e-005
  2.7465820e-004
 -4.2724609e-004
  6.1035156e-004
 -7.9345703e-004
  8.5449219e-004
 -1.0681152e-003
  1.6174316e-003
  7.5378418e-003
  9.5916748e-002
  9.8419189e-002
 -6.8634033e-002
 -3.4881592e-002
 -2.4383545e-002
 -6.0119629e-002
  7.4615479e-002
  1.1904907e-001
  8.2153320e-002
  1.6439819e-001
  2.0138550e-001
 -2.5970459e-002
 -1.2683105e-001
 -2.6153564e-002
 -1.2561035e-001
 -2.6699829e-001
 -1.7141724e-001
 -8.0657959e-002
 -1.2893677e-001
 -7.0098877e-002
  5.7037354e-002
  6.9244385e-002
  6.0974121e-002
  1.2240601e-001
  1.3906860e-001
  9.6252441e-002
  8.9263916e-002
  7.2601318e-002
  8.8500977e-003
 -2.5512695e-002
 -2.5634766e-002
 -4.6813965e-002
 -6.5734863e-002
 -6.7962646e-002
 -7.1502686e-002
 -7.0892334e-002
 -6.3659668e-002
 -4.9407959e-002
 -2.6794434e-002
 -1.1505127e-002
 -1.3732910e-003
  1.6265869e-002
  3.2318115e-002
  3.5858154e-002
  3.7445068e-002
  3.8146973e-002
  3.0059814e-002
  2.1728516e-002
  1.7547607e-002
  8.1787109e-003
 -6.1340332e-003
 -1.6113281e-002
 -2.3498535e-002
 -3.1036377e-002
 -3.3660889e-002
 -3.1555176e-002
 -2.5634766e-002
 -1.5747070e-002
 -4.2419434e-003
  5.7067871e-003
  1.2420654e-002
  1.7700195e-002
  2.0904541e-002
  2.1484375e-002
  1.8463135e-002
  1.2969971e-002
  6.5612793e-003
 -2.4414063e-004
 -7.3242188e-003
 -1.2237549e-002
 -1.4862061e-002
 -1.6693115e-002
 -1.6876221e-002
 -1.5014648e-002
 -1.1627197e-002
 -7.6904297e-003
 -3.1433105e-003
  8.5449219e-004
  4.3945313e-003
  7.4157715e-003
  8.3923340e-003
  7.4157715e-003
  7.2021484e-003
  7.5988770e-003
  6.3476563e-003
  3.0517578e-003
 -4.5776367e-004
 -4.0283203e-003
 -6.5917969e-003
 -7.1716309e-003
 -6.7749023e-003
 -5.6152344e-003
 -4.6691895e-003
 -4.4860840e-003
 -4.2114258e-003
 -2.3803711e-003
  1.5258789e-004
  2.1667480e-003
  3.3569336e-003
  3.3874512e-003
  3.5400391e-003
  3.0822754e-003
  1.8005371e-003
  1.0070801e-003
  3.3569336e-004
 -8.8500977e-004
 -2.1057129e-003
 -1.6479492e-003
 -1.5563965e-003
 -1.5869141e-003
 -4.8828125e-004
  1.5258789e-004
  5.1879883e-004
  1.4343262e-003
  2.6855469e-003
  3.1433105e-003
  3.6315918e-003
  3.8757324e-003
  3.6010742e-003
  3.1738281e-003
  2.2583008e-003
  1.8005371e-003
  2.3498535e-003
  3.1738281e-003
  2.6245117e-003
  7.6293945e-004
 -1.0070801e-003
 -2.1667480e-003
 -1.9836426e-003
 -6.4086914e-004
  1.8005371e-003
  4.5471191e-003
  6.1950684e-003
  6.2866211e-003
  3.2653809e-003
 -1.5258789e-003
 -4.5166016e-003
 -5.3100586e-003
 -5.6457520e-003
 -5.1269531e-003
 -3.2958984e-003
 -7.9345703e-004
  2.9602051e-003
  7.3852539e-003
  9.7351074e-003
  8.3312988e-003
  4.5166016e-003
  1.6479492e-003
  1.0070801e-003
  3.3569336e-004
 -1.9226074e-003
 -3.8757324e-003
 -3.2958984e-003
 -9.1552734e-004
  1.7700195e-003
  3.6010742e-003
  4.4555664e-003
  4.7302246e-003
  4.1503906e-003
  3.2043457e-003
  2.0446777e-003
  8.5449219e-004
 -3.9672852e-004
 -9.7656250e-004
 -6.1035156e-004
 -1.2512207e-003
 -2.4414063e-003
 -3.5095215e-003
 -3.7536621e-003
 -1.8310547e-003
 -5.7983398e-004
  1.8310547e-004
  1.3122559e-003
  2.5329590e-003
  3.9978027e-003
  3.0212402e-003
 -2.4414063e-004
 -2.1362305e-003
 -7.3242188e-004
  1.7395020e-003
  4.5166016e-003
  6.3476563e-003
  7.0800781e-003
  7.5988770e-003
  8.6364746e-003
  8.1787109e-003
  2.8076172e-003
 -1.9226074e-003
 -7.4768066e-003
 -1.0375977e-002
 -4.5471191e-003
 -1.1901855e-003
 -1.7395020e-003
 -3.9672852e-004
  1.9531250e-003
  2.4719238e-003
  2.1362305e-003
  2.7160645e-003
  3.2043457e-003
  6.7749023e-003
  1.3183594e-002
  1.5869141e-002
  1.3427734e-002
  8.9111328e-003
  9.4604492e-004
 -7.9040527e-003
 -1.3275146e-002
 -1.6235352e-002
 -1.7089844e-002
 -1.3031006e-002
 -3.2348633e-003
  4.2419434e-003
  6.3781738e-003
  7.8735352e-003
  9.5214844e-003
  1.0253906e-002
  1.0467529e-002
  9.1247559e-003
  4.6997070e-003
 -3.6621094e-004
 -3.2653809e-003
 -4.6081543e-003
 -6.0424805e-003
 -7.3547363e-003
 -7.1411133e-003
 -5.9204102e-003
 -3.3264160e-003
 -8.8500977e-004
  8.2397461e-004
  4.0893555e-003
  5.6152344e-003
  5.1574707e-003
  6.8359375e-003
  9.0942383e-003
  9.8876953e-003
  8.3618164e-003
  3.4790039e-003
 -2.8991699e-003
 -6.5002441e-003
 -5.2185059e-003
 -3.1127930e-003
 -5.1879883e-003
 -8.1176758e-003
 -6.0119629e-003
  5.4931641e-004
  5.6152344e-003
  5.7678223e-003
  3.4179688e-003
  2.3498535e-003
  4.6081543e-003
  5.6457520e-003
  3.2348633e-003
 -3.9672852e-004
 -3.9978027e-003
 -5.3405762e-003
 -3.3874512e-003
 -1.8615723e-003
 -1.6174316e-003
 -2.0446777e-003
 -1.4038086e-003
  2.1667480e-003
  2.9602051e-003
  1.7089844e-003
  3.0517578e-004
  1.2207031e-004
  2.6855469e-003
  5.0964355e-003
  5.1574707e-003
  3.0517578e-003
  5.1879883e-004
 -2.1972656e-003
 -3.6010742e-003
 -3.3264160e-003
 -2.2888184e-003
 -1.9226074e-003
 -2.1362305e-003
 -1.2207031e-003
 -1.5563965e-003
 -2.1057129e-003
 -6.7138672e-004
 -7.3242188e-004
 -2.7465820e-004
  3.4484863e-003
  5.6457520e-003
  4.7302246e-003
  2.1972656e-003
 -1.4038086e-003
 -4.8217773e-003
 -4.3945313e-003
 -2.4414063e-004
  2.2277832e-003
  1.6784668e-003
  8.2397461e-004
  1.0375977e-003
  1.6479492e-003
  2.1667480e-003
  8.2397461e-004
 -6.1035156e-005
 -5.1879883e-004
 -2.6855469e-003
 -3.6926270e-003
 -1.6479492e-003
 -8.8500977e-004
 -1.9226074e-003
 -7.0190430e-004
  1.5869141e-003
  1.6784668e-003
  5.1879883e-004
  4.8828125e-004
 -8.8500977e-004
 -1.7089844e-003
 -5.7983398e-004
 -8.8500977e-004
 -2.6245117e-003
 -1.1291504e-003
  3.0517578e-004
 -2.1667480e-003
 -7.6293945e-004
  1.6479492e-003
 -3.9672852e-004
 -3.6621094e-004
  1.7089844e-003
  1.1596680e-003
  1.8310547e-003
  2.8991699e-003
 -8.5449219e-004
 -4.5776367e-003
 -1.9836426e-003
 -1.2817383e-003
 -4.7302246e-003
 -2.9296875e-003
  2.4414063e-004
  5.1879883e-004
  1.8920898e-003
  1.5258789e-003
 -1.8920898e-003
 -2.8076172e-003
  1.1901855e-003
  2.6245117e-003
 -2.1362305e-004
 -1.3122559e-003
 -2.1362305e-003
 -2.7770996e-003
 -7.0190430e-004
  6.1035156e-004
 -7.0190430e-004
 -1.1596680e-003
 -1.1596680e-003
 -9.4604492e-004
  7.9345703e-004
  2.2277832e-003
 -9.1552734e-004
 -3.4179688e-003
 -1.2817383e-003
  1.0986328e-003
  2.0141602e-003
  1.9226074e-003
  3.4484863e-003
  2.1972656e-003
 -2.7465820e-003
 -4.3029785e-003
 -3.0517578e-003
 -2.4108887e-003
 -3.2653809e-003
 -3.4790039e-003
 -2.9296875e-003
 -3.2653809e-003
 -2.0446777e-003
  1.3427734e-003
  5.0048828e-003
  4.6997070e-003
  3.0822754e-003
  1.4343262e-003
  3.6621094e-004
 -2.7465820e-004
 -2.4414063e-003
 -4.0588379e-003
 -3.8146973e-003
 -2.3193359e-003
 -1.4648438e-003
 -1.8310547e-004
  1.2207031e-003
  3.9672852e-004
 -1.1901855e-003
 -1.3427734e-003
 -8.8500977e-004
 -9.1552734e-005
  7.0190430e-004
  3.6621094e-004
  6.1035156e-005
  1.1901855e-003
  1.1291504e-003
 -3.9672852e-004
 -1.8310547e-004
 -1.0375977e-003
 -2.6550293e-003
 -1.9836426e-003
 -1.4038086e-003
 -9.4604492e-004
 -5.7983398e-004
 -1.0070801e-003
 -7.3242188e-004
  7.6293945e-004
  1.7395020e-003
  1.8615723e-003
  1.0070801e-003
 -2.4414063e-004
 -1.8310547e-004
  1.4343262e-003
  2.4414063e-003
  1.0986328e-003
 -1.8310547e-004
 -1.1291504e-003
 -1.8310547e-003
 -1.7089844e-003
 -2.3803711e-003
 -3.0212402e-003
 -2.7770996e-003
 -1.9836426e-003
 -5.7983398e-004
  3.9672852e-004
  1.1291504e-003
  1.0986328e-003
  1.8310547e-004
 -1.0375977e-003
 -1.1901855e-003
 -2.0751953e-003
 -2.0446777e-003
  2.7465820e-004
  8.8500977e-004
  1.1596680e-003
  1.3427734e-003
  1.4953613e-003
  1.0681152e-003
 -6.1035156e-004
 -1.6174316e-003
 -2.1057129e-003
 -2.0141602e-003
 -1.3732910e-003
 -9.7656250e-004
 -8.8500977e-004
 -6.4086914e-004
 -6.7138672e-004
  1.0986328e-003
  1.8310547e-003
 -6.4086914e-004
  3.0517578e-005
  2.1057129e-003
  1.4648438e-003
  2.4414063e-004
  5.4931641e-004
 -9.1552734e-004
 -4.3029785e-003
 -4.1809082e-003
 -3.3569336e-004
  3.2348633e-003
  5.0048828e-003
  3.3874512e-003
 -2.7465820e-004
 -6.7138672e-004
 -3.6621094e-004
 -1.2207031e-003
 -9.7656250e-004
 -2.4414063e-004
 -3.3569336e-004
 -4.2724609e-004
  5.1879883e-004
  3.0517578e-005
 -1.6479492e-003
 -1.8310547e-003
