 -3.0517578e-005
  0.0000000e+000
  0.0000000e+000
  0.0000000e+000
  3.0517578e-005
  3.0517578e-005
  6.1035156e-005
  6.1035156e-005
  6.1035156e-005
  3.0517578e-005
  3.0517578e-005
  3.0517578e-005
  3.0517578e-005
  3.0517578e-005
  3.0517578e-005
  0.0000000e+000
 -3.0517578e-005
  0.0000000e+000
  6.1035156e-005
  6.1035156e-005
  3.0517578e-005
  6.1035156e-005
  3.0517578e-005
 -3.0517578e-005
 -9.1552734e-005
 -3.0517578e-005
 -6.1035156e-005
  0.0000000e+000
  0.0000000e+000
 -6.1035156e-005
  3.0517578e-005
  3.0517578e-005
  6.1035156e-005
  1.2207031e-004
 -3.0517578e-005
  2.4414063e-004
 -3.6621094e-004
  5.4931641e-004
 -7.0190430e-004
  7.0190430e-004
 -7.3242188e-004
  1.4953613e-003
  6.3476563e-003
  8.2977295e-002
  8.9965820e-002
 -5.4504395e-002
 -3.1188965e-002
 -1.9500732e-002
 -5.0903320e-002
  6.0638428e-002
  1.0476685e-001
  7.5012207e-002
  1.4462280e-001
  1.8621826e-001
 -8.8806152e-003
 -1.0797119e-001
 -2.2521973e-002
 -1.0223389e-001
 -2.3260498e-001
 -1.6021729e-001
 -8.1542969e-002
 -1.2173462e-001
 -7.4676514e-002
  3.4790039e-002
  5.5450439e-002
  5.2886963e-002
  1.0882568e-001
  1.2866211e-001
  9.3078613e-002
  8.7097168e-002
  7.2113037e-002
  1.5380859e-002
 -1.7608643e-002
 -1.8554688e-002
 -3.8421631e-002
 -6.0211182e-002
 -6.6345215e-002
 -6.7169189e-002
 -6.4727783e-002
 -5.9143066e-002
 -4.6417236e-002
 -3.0242920e-002
 -1.9805908e-002
 -1.0803223e-002
  9.0332031e-003
  2.7496338e-002
  3.1005859e-002
  3.1921387e-002
  3.2958984e-002
  2.7435303e-002
  2.2460938e-002
  2.2583008e-002
  1.4007568e-002
 -1.6174316e-003
 -1.0345459e-002
 -1.6387939e-002
 -2.4322510e-002
 -2.8930664e-002
 -3.0181885e-002
 -2.8198242e-002
 -1.9531250e-002
 -6.9885254e-003
  2.4414063e-003
  8.6059570e-003
  1.4617920e-002
  1.8249512e-002
  1.8402100e-002
  1.6174316e-002
  1.2573242e-002
  7.1716309e-003
  8.2397461e-004
 -4.9438477e-003
 -9.4604492e-003
 -1.2695313e-002
 -1.4495850e-002
 -1.4953613e-002
 -1.4312744e-002
 -1.2023926e-002
 -7.9956055e-003
 -3.7231445e-003
  9.1552734e-005
  3.9367676e-003
  7.4157715e-003
  8.6059570e-003
  7.4462891e-003
  6.5917969e-003
  5.9204102e-003
  4.2724609e-003
  2.0141602e-003
 -2.7465820e-004
 -3.1433105e-003
 -5.5236816e-003
 -6.4697266e-003
 -6.2255859e-003
 -5.1574707e-003
 -4.2419434e-003
 -4.5166016e-003
 -4.8828125e-003
 -3.1127930e-003
 -3.0517578e-004
  1.6174316e-003
  2.3193359e-003
  2.6855469e-003
  3.3569336e-003
  3.3264160e-003
  2.4414063e-003
  2.1362305e-003
  1.9531250e-003
  4.5776367e-004
 -1.2512207e-003
 -1.8615723e-003
 -2.3193359e-003
 -2.4719238e-003
 -1.1291504e-003
  1.5258789e-004
  4.2724609e-004
  1.0070801e-003
  1.8615723e-003
  2.5939941e-003
  3.4179688e-003
  3.8757324e-003
  3.5705566e-003
  2.9602051e-003
  2.5329590e-003
  2.6550293e-003
  3.3569336e-003
  3.2348633e-003
  1.8005371e-003
 -2.4414063e-004
 -1.5258789e-003
 -2.0446777e-003
 -1.6479492e-003
  3.0517578e-004
  2.8991699e-003
  5.0354004e-003
  5.4016113e-003
  3.6621094e-003
  1.2207031e-004
 -3.1127930e-003
 -4.1503906e-003
 -4.5471191e-003
 -5.0048828e-003
 -4.5471191e-003
 -2.5024414e-003
  9.7656250e-004
  5.8288574e-003
  9.9487305e-003
  9.7656250e-003
  6.2866211e-003
  2.7770996e-003
  1.0986328e-003
  3.9672852e-004
 -1.2817383e-003
 -3.6315918e-003
 -4.0893555e-003
 -1.6784668e-003
  1.0986328e-003
  2.8381348e-003
  4.1503906e-003
  4.8522949e-003
  4.6691895e-003
  3.7536621e-003
  2.6855469e-003
  1.2817383e-003
 -2.1362305e-004
 -1.0986328e-003
 -8.2397461e-004
 -8.2397461e-004
 -2.2583008e-003
 -3.3264160e-003
 -3.9672852e-003
 -2.8381348e-003
 -1.0070801e-003
 -6.4086914e-004
  2.1362305e-004
  1.5258789e-003
  3.5400391e-003
  4.3334961e-003
  2.4108887e-003
 -3.0517578e-004
 -6.1035156e-004
  1.1901855e-003
  2.7465820e-003
  4.8828125e-003
  6.3781738e-003
  7.2631836e-003
  7.5988770e-003
  8.2092285e-003
  5.9509277e-003
  9.1552734e-005
 -3.9672852e-003
 -9.1552734e-003
 -9.1247559e-003
 -2.9907227e-003
 -1.9531250e-003
 -1.6784668e-003
  1.8005371e-003
  4.1809082e-003
  3.1127930e-003
  3.0822754e-003
  4.2419434e-003
  4.2724609e-003
  8.4228516e-003
  1.3519287e-002
  1.3000488e-002
  9.3383789e-003
  4.3640137e-003
 -3.4179688e-003
 -1.0437012e-002
 -1.4160156e-002
 -1.6052246e-002
 -1.5258789e-002
 -8.5449219e-003
  1.3122559e-003
  6.2561035e-003
  7.9040527e-003
  9.9182129e-003
  1.0925293e-002
  1.0742188e-002
  9.7351074e-003
  6.4086914e-003
  9.1552734e-004
 -2.9907227e-003
 -4.2419434e-003
 -5.2490234e-003
 -7.1105957e-003
 -7.4462891e-003
 -6.1645508e-003
 -5.1269531e-003
 -2.8076172e-003
  8.5449219e-004
  4.4250488e-003
  6.2561035e-003
  5.5541992e-003
  5.6152344e-003
  7.8125000e-003
  9.7656250e-003
  9.8571777e-003
  5.7983398e-003
 -1.4648438e-003
 -6.1645508e-003
 -5.5236816e-003
 -3.0822754e-003
 -4.5776367e-003
 -8.0566406e-003
 -7.4768066e-003
 -1.4953613e-003
  4.7302246e-003
  5.6762695e-003
  4.0893555e-003
  2.4414063e-003
  3.0212402e-003
  4.9743652e-003
  4.3334961e-003
  1.4038086e-003
 -1.9531250e-003
 -4.2114258e-003
 -3.7536621e-003
 -2.4108887e-003
 -2.2277832e-003
 -2.2583008e-003
 -2.3803711e-003
  5.7983398e-004
  3.1738281e-003
  2.1057129e-003
  6.4086914e-004
  1.8310547e-004
  1.6784668e-003
  4.1198730e-003
  5.1879883e-003
  3.8452148e-003
  1.3732910e-003
 -8.5449219e-004
 -2.2277832e-003
 -3.3569336e-003
 -3.4179688e-003
 -1.3122559e-003
 -8.2397461e-004
 -1.8615723e-003
 -7.3242188e-004
 -4.5776367e-004
 -1.7395020e-003
 -2.7160645e-003
 -9.4604492e-004
  1.5258789e-003
  2.3193359e-003
  4.5776367e-003
  5.0964355e-003
  1.8310547e-004
 -4.3640137e-003
 -3.1127930e-003
 -1.3427734e-003
  1.5258789e-004
  3.2043457e-003
  3.1433105e-003
  8.8500977e-004
  1.1901855e-003
  1.8615723e-003
  2.4414063e-004
 -3.0517578e-005
 -5.1879883e-004
 -2.2888184e-003
 -2.4719238e-003
 -1.9836426e-003
 -3.1433105e-003
 -2.5939941e-003
  6.4086914e-004
  1.7700195e-003
  1.2512207e-003
  6.4086914e-004
 -6.4086914e-004
 -1.4343262e-003
  3.9672852e-004
  3.3569336e-004
 -2.1057129e-003
 -2.3498535e-003
 -4.8828125e-004
 -9.7656250e-004
 -2.2888184e-003
  7.0190430e-004
  1.3732910e-003
 -9.1552734e-004
  7.3242188e-004
  1.2817383e-003
 -5.7983398e-004
  3.0212402e-003
  3.9062500e-003
 -2.0141602e-003
 -3.8452148e-003
 -1.6174316e-003
 -2.4108887e-003
 -3.6926270e-003
 -1.8005371e-003
 -1.4343262e-003
 -9.7656250e-004
  1.8920898e-003
  1.6784668e-003
 -3.0517578e-004
 -1.2512207e-003
 -3.3569336e-004
  1.3122559e-003
  1.1291504e-003
 -1.5258789e-003
 -3.2653809e-003
 -2.3803711e-003
 -2.1362305e-004
  1.3732910e-003
 -1.5258789e-004
 -1.1901855e-003
 -9.7656250e-004
  1.5258789e-004
  1.3122559e-003
 -7.3242188e-004
 -4.2724609e-003
 -3.9367676e-003
 -4.8828125e-004
  2.5634766e-003
  3.7231445e-003
  4.6997070e-003
  3.6621094e-003
 -1.4343262e-003
 -3.4179688e-003
 -1.9836426e-003
 -2.1972656e-003
 -3.6926270e-003
 -4.8217773e-003
 -3.7231445e-003
 -2.8076172e-003
 -2.6550293e-003
 -3.0517578e-004
  2.5024414e-003
  3.9367676e-003
  3.1127930e-003
  1.9836426e-003
  1.1596680e-003
  7.0190430e-004
 -5.7983398e-004
 -2.5634766e-003
 -2.8076172e-003
 -2.7465820e-003
 -3.2043457e-003
 -2.0141602e-003
  1.8310547e-004
  6.1035156e-004
  3.3569336e-004
  1.5258789e-004
 -7.0190430e-004
 -2.1362305e-004
  3.3569336e-004
 -4.2724609e-004
 -6.4086914e-004
  9.1552734e-005
  3.0517578e-005
 -5.7983398e-004
  1.8310547e-004
  4.8828125e-004
 -1.4038086e-003
 -2.1362305e-003
 -1.1291504e-003
 -6.1035156e-004
 -4.5776367e-004
 -1.0986328e-003
 -1.9531250e-003
 -8.5449219e-004
  1.3427734e-003
  2.1362305e-003
  2.0751953e-003
  7.6293945e-004
 -7.3242188e-004
  3.9672852e-004
  1.3732910e-003
  1.0375977e-003
  8.2397461e-004
 -2.7465820e-004
 -1.3427734e-003
 -1.1596680e-003
 -1.2207031e-003
 -1.7700195e-003
 -1.6784668e-003
 -2.3803711e-003
 -2.8076172e-003
 -1.5258789e-003
 -3.0517578e-005
  4.8828125e-004
  3.3569336e-004
  3.9672852e-004
 -3.0517578e-005
 -4.5776367e-004
 -7.9345703e-004
 -1.4648438e-003
 -1.0375977e-003
 -6.7138672e-004
 -1.5258789e-004
  1.1596680e-003
  1.6784668e-003
  1.8615723e-003
  2.7465820e-004
 -1.5563965e-003
 -1.1291504e-003
 -1.3732910e-003
 -2.1362305e-003
 -1.1596680e-003
 -3.6621094e-004
 -1.3732910e-003
 -1.1901855e-003
  1.6174316e-003
  1.8005371e-003
 -9.4604492e-004
 -3.9672852e-004
  1.0681152e-003
  8.8500977e-004
  1.1901855e-003
  7.9345703e-004
 -9.1552734e-004
 -2.5634766e-003
 -4.0588379e-003
 -2.5634766e-003
  2.4108887e-003
  5.2185059e-003
  3.9367676e-003
  1.4038086e-003
  0.0000000e+000
 -1.0986328e-003
 -1.4343262e-003
 -4.2724609e-004
 -8.8500977e-004
 -1.1291504e-003
  3.0517578e-005
 -9.1552734e-005
 -6.7138672e-004
 -7.3242188e-004
 -1.6784668e-003
