 -6.1035156e-005
 -3.0517578e-005
 -3.0517578e-005
  0.0000000e+000
  0.0000000e+000
  0.0000000e+000
  3.0517578e-005
  3.0517578e-005
  6.1035156e-005
  3.0517578e-005
  0.0000000e+000
  6.1035156e-005
  3.0517578e-005
  0.0000000e+000
  3.0517578e-005
  0.0000000e+000
  0.0000000e+000
  0.0000000e+000
  0.0000000e+000
  0.0000000e+000
  3.0517578e-005
  0.0000000e+000
  6.1035156e-005
  3.0517578e-005
 -3.0517578e-005
 -6.1035156e-005
 -3.0517578e-005
 -6.1035156e-005
  0.0000000e+000
  0.0000000e+000
 -3.0517578e-005
  0.0000000e+000
  3.0517578e-005
  3.0517578e-005
  9.1552734e-005
 -6.1035156e-005
  2.1362305e-004
 -3.0517578e-004
  4.5776367e-004
 -6.4086914e-004
  5.4931641e-004
 -3.9672852e-004
  1.2512207e-003
  4.4860840e-003
  6.9152832e-002
  8.4167480e-002
 -3.9916992e-002
 -2.9357910e-002
 -1.2939453e-002
 -4.3762207e-002
  4.5562744e-002
  9.1308594e-002
  6.7382813e-002
  1.2484741e-001
  1.7266846e-001
  1.1535645e-002
 -8.9599609e-002
 -1.8676758e-002
 -7.8491211e-002
 -2.0101929e-001
 -1.5335083e-001
 -8.2214355e-002
 -1.1370850e-001
 -8.3709717e-002
  1.5380859e-002
  4.7882080e-002
  4.5654297e-002
  9.2163086e-002
  1.1816406e-001
  9.2559814e-002
  8.4259033e-002
  7.1533203e-002
  2.4078369e-002
 -6.1950684e-003
 -1.3122559e-002
 -3.7231445e-002
 -5.9570313e-002
 -6.2591553e-002
 -5.8868408e-002
 -5.6274414e-002
 -5.7189941e-002
 -5.4382324e-002
 -4.0039063e-002
 -2.5054932e-002
 -1.3641357e-002
  3.4179688e-003
  1.9439697e-002
  2.4505615e-002
  2.8930664e-002
  3.6132813e-002
  3.4820557e-002
  2.9052734e-002
  2.6245117e-002
  1.8066406e-002
  4.5471191e-003
 -5.4321289e-003
 -1.4434814e-002
 -2.5329590e-002
 -3.1738281e-002
 -3.2653809e-002
 -3.0853271e-002
 -2.3162842e-002
 -1.0284424e-002
  7.3242188e-004
  7.3852539e-003
  1.2420654e-002
  1.6235352e-002
  1.7730713e-002
  1.7120361e-002
  1.4617920e-002
  9.3078613e-003
  2.5939941e-003
 -3.8452148e-003
 -8.3312988e-003
 -1.1108398e-002
 -1.3061523e-002
 -1.4099121e-002
 -1.4221191e-002
 -1.2573242e-002
 -9.3688965e-003
 -5.0048828e-003
 -5.4931641e-004
  3.6926270e-003
  7.1105957e-003
  8.0261230e-003
  6.9580078e-003
  5.9814453e-003
  5.0964355e-003
  3.7536621e-003
  2.1362305e-003
  3.3569336e-004
 -2.1057129e-003
 -4.2724609e-003
 -5.6152344e-003
 -6.2866211e-003
 -5.7678223e-003
 -4.8828125e-003
 -5.0964355e-003
 -5.4016113e-003
 -3.5400391e-003
 -9.7656250e-004
  7.3242188e-004
  1.8615723e-003
  2.8686523e-003
  3.8146973e-003
  4.1503906e-003
  3.9062500e-003
  3.5400391e-003
  2.7770996e-003
  9.7656250e-004
 -1.1291504e-003
 -2.1972656e-003
 -2.8076172e-003
 -2.8686523e-003
 -1.7395020e-003
 -5.7983398e-004
 -2.1362305e-004
  2.1362305e-004
  9.7656250e-004
  1.8005371e-003
  3.1738281e-003
  4.1503906e-003
  4.1198730e-003
  3.6010742e-003
  3.5400391e-003
  3.8452148e-003
  3.7841797e-003
  2.7770996e-003
  6.1035156e-004
 -1.4648438e-003
 -2.2583008e-003
 -1.8615723e-003
 -5.4931641e-004
  1.4343262e-003
  3.6010742e-003
  4.9438477e-003
  3.8146973e-003
  9.1552734e-004
 -1.7700195e-003
 -3.2653809e-003
 -3.9672852e-003
 -5.0048828e-003
 -5.5847168e-003
 -4.0893555e-003
 -3.0517578e-004
  4.8522949e-003
  9.3994141e-003
  1.0711670e-002
  8.0566406e-003
  4.1503906e-003
  1.7089844e-003
  5.7983398e-004
 -1.0986328e-003
 -3.6010742e-003
 -4.7912598e-003
 -2.7465820e-003
  8.2397461e-004
  2.8991699e-003
  3.8452148e-003
  4.7912598e-003
  5.1879883e-003
  4.3945313e-003
  2.8991699e-003
  1.3122559e-003
 -1.2207031e-004
 -1.1596680e-003
 -1.3732910e-003
 -1.0070801e-003
 -1.9836426e-003
 -3.1127930e-003
 -3.3874512e-003
 -2.9907227e-003
 -1.8920898e-003
 -1.5258789e-003
 -5.4931641e-004
  1.0681152e-003
  3.0517578e-003
  4.8828125e-003
  4.3945313e-003
  2.0141602e-003
  3.6621094e-004
  1.1901855e-003
  1.8005371e-003
  2.4719238e-003
  4.1503906e-003
  5.7373047e-003
  6.7749023e-003
  7.0495605e-003
  7.3242188e-003
  3.7231445e-003
 -1.4648438e-003
 -4.6386719e-003
 -8.5144043e-003
 -6.5917969e-003
 -2.5939941e-003
 -3.3569336e-003
 -1.1291504e-003
  3.8452148e-003
  5.4016113e-003
  3.6010742e-003
  4.2724609e-003
  5.0354004e-003
  5.0659180e-003
  9.3994141e-003
  1.2084961e-002
  9.2163086e-003
  5.0354004e-003
  2.1362305e-004
 -6.3476563e-003
 -1.1322021e-002
 -1.3671875e-002
 -1.4312744e-002
 -1.1871338e-002
 -4.0283203e-003
  4.3945313e-003
  7.7209473e-003
  9.3078613e-003
  1.0864258e-002
  1.0894775e-002
  9.5825195e-003
  7.4768066e-003
  3.5095215e-003
 -1.2512207e-003
 -4.1503906e-003
 -4.9438477e-003
 -6.2561035e-003
 -7.4462891e-003
 -6.2255859e-003
 -5.7067871e-003
 -4.4555664e-003
  9.1552734e-005
  4.2724609e-003
  6.2866211e-003
  6.0729980e-003
  5.2185059e-003
  6.2866211e-003
  8.5449219e-003
  9.9487305e-003
  7.5073242e-003
  7.3242188e-004
 -4.5471191e-003
 -5.0048828e-003
 -3.6621094e-003
 -4.6386719e-003
 -7.4157715e-003
 -7.3547363e-003
 -3.2653809e-003
  2.5634766e-003
  5.0964355e-003
  4.2419434e-003
  3.3264160e-003
  2.5939941e-003
  3.5400391e-003
  4.5776367e-003
  2.8686523e-003
 -9.1552734e-005
 -2.4719238e-003
 -3.3264160e-003
 -3.1127930e-003
 -3.2348633e-003
 -2.7160645e-003
 -2.4414063e-003
 -7.6293945e-004
  2.2888184e-003
  2.8381348e-003
  1.1901855e-003
  6.4086914e-004
  1.4038086e-003
  2.7465820e-003
  4.2419434e-003
  3.9062500e-003
  1.9531250e-003
  3.3569336e-004
 -7.0190430e-004
 -2.5024414e-003
 -2.7770996e-003
 -2.0141602e-003
 -1.1596680e-003
 -3.6621094e-004
 -6.1035156e-005
 -6.4086914e-004
 -2.5329590e-003
 -1.8920898e-003
 -1.5258789e-003
 -2.4414063e-003
  4.8828125e-004
  4.3945313e-003
  3.8452148e-003
  1.7395020e-003
  3.3569336e-004
 -2.8381348e-003
 -3.2348633e-003
  1.8310547e-004
  2.8381348e-003
  3.5400391e-003
  2.9602051e-003
  1.4038086e-003
 -2.1362305e-004
  1.0070801e-003
  7.6293945e-004
 -2.3193359e-003
 -1.8920898e-003
 -7.6293945e-004
 -3.6315918e-003
 -4.5166016e-003
 -4.2724609e-004
  9.1552734e-004
 -4.2724609e-004
  1.6479492e-003
  1.0070801e-003
 -2.6855469e-003
 -1.8310547e-004
  3.0822754e-003
 -1.0986328e-003
 -3.2958984e-003
  0.0000000e+000
 -1.2817383e-003
 -3.2958984e-003
  8.8500977e-004
  1.4953613e-003
 -1.7089844e-003
  3.0517578e-004
  2.3193359e-003
 -1.4038086e-003
 -6.1035156e-004
  4.6997070e-003
  2.0751953e-003
 -1.6479492e-003
 -1.5869141e-003
 -2.3803711e-003
 -3.6621094e-003
 -1.8005371e-003
 -1.0681152e-003
 -3.0822754e-003
 -1.0681152e-003
  1.1291504e-003
  3.3569336e-004
  1.2512207e-003
  1.0681152e-003
 -1.5869141e-003
  1.2207031e-004
  2.1972656e-003
 -3.0822754e-003
 -5.6457520e-003
 -8.2397461e-004
  1.2512207e-003
  1.4038086e-003
  2.8381348e-003
  1.0681152e-003
 -3.0517578e-003
 -3.6621094e-004
  6.7138672e-004
 -5.3710938e-003
 -6.9274902e-003
 -9.4604492e-004
  2.0141602e-003
  2.2583008e-003
  5.5847168e-003
  5.4931641e-003
 -1.8310547e-004
 -3.2653809e-003
 -1.2207031e-004
 -4.2724609e-004
 -3.1738281e-003
 -3.9978027e-003
 -5.3710938e-003
 -4.7302246e-003
 -2.1972656e-003
  1.2207031e-004
  1.3732910e-003
  2.0446777e-003
  2.0751953e-003
  1.3122559e-003
  1.3732910e-003
  1.1291504e-003
  2.4414063e-004
 -1.9836426e-003
 -2.5634766e-003
 -1.1596680e-003
 -1.7700195e-003
 -2.8686523e-003
 -1.9226074e-003
  5.4931641e-004
  7.3242188e-004
  3.0517578e-004
  7.3242188e-004
 -6.1035156e-005
 -5.1879883e-004
 -1.8310547e-004
 -5.7983398e-004
 -1.0375977e-003
 -2.1362305e-004
 -2.4414063e-004
 -1.1901855e-003
  1.5258789e-004
  6.4086914e-004
 -1.2817383e-003
 -1.8005371e-003
 -1.1596680e-003
 -9.7656250e-004
 -1.0681152e-003
 -7.3242188e-004
 -9.7656250e-004
 -7.9345703e-004
  1.1596680e-003
  2.9907227e-003
  2.7770996e-003
  9.4604492e-004
 -9.1552734e-004
 -8.2397461e-004
  3.0517578e-004
  1.3427734e-003
  1.3122559e-003
 -1.0681152e-003
 -1.6174316e-003
 -1.0986328e-003
 -1.4953613e-003
 -7.6293945e-004
 -3.9672852e-004
 -2.1667480e-003
 -2.9296875e-003
 -1.3427734e-003
 -4.5776367e-004
 -3.9672852e-004
 -3.9672852e-004
 -6.1035156e-005
  9.1552734e-005
  2.1362305e-004
  6.4086914e-004
 -7.3242188e-004
 -1.5563965e-003
 -1.1596680e-003
 -9.1552734e-004
  5.4931641e-004
  1.4343262e-003
  1.1596680e-003
  4.5776367e-004
 -2.7465820e-004
 -7.6293945e-004
 -2.0751953e-003
 -2.2277832e-003
  9.1552734e-005
  0.0000000e+000
 -1.7395020e-003
 -7.0190430e-004
  6.1035156e-004
  1.1901855e-003
  4.2724609e-004
 -7.6293945e-004
 -5.4931641e-004
  1.3122559e-003
  2.0446777e-003
 -9.1552734e-005
 -9.7656250e-004
 -1.5258789e-003
 -4.3945313e-003
 -3.8757324e-003
  1.4038086e-003
  4.2114258e-003
  5.0048828e-003
  4.1198730e-003
  5.1879883e-004
 -8.5449219e-004
 -4.5776367e-004
 -1.2207031e-003
 -2.4108887e-003
 -1.0070801e-003
  1.8310547e-004
 -8.5449219e-004
 -5.4931641e-004
 -1.8310547e-004
 -1.8920898e-003
