  9.1552734e-005
  9.1552734e-005
  3.0517578e-005
  6.1035156e-005
  0.0000000e+000
  0.0000000e+000
  3.0517578e-005
 -3.0517578e-005
  0.0000000e+000
  0.0000000e+000
  3.0517578e-005
 -3.0517578e-005
 -3.0517578e-005
 -3.0517578e-005
  6.1035156e-005
  1.2207031e-004
  3.0517578e-005
  9.1552734e-005
  6.1035156e-005
 -3.0517578e-005
 -1.8310547e-004
 -3.0517578e-005
 -1.2207031e-004
 -3.0517578e-005
  3.0517578e-005
 -9.1552734e-005
 -3.0517578e-005
  9.1552734e-005
  3.0517578e-005
  2.1362305e-004
 -3.3569336e-004
  5.7983398e-004
 -9.1552734e-004
  1.0375977e-003
 -1.5258789e-003
  1.8005371e-003
 -2.1667480e-003
  2.5939941e-003
  3.8757324e-003
  1.1978149e-001
  1.5658569e-001
 -1.0354614e-001
 -6.7901611e-002
 -2.6611328e-002
 -9.7198486e-002
  1.0589600e-001
  1.6827393e-001
  9.3841553e-002
  2.1444702e-001
  2.7526855e-001
 -6.2591553e-002
 -1.9308472e-001
 -1.6876221e-002
 -1.7657471e-001
 -3.8635254e-001
 -2.2393799e-001
 -8.2336426e-002
 -1.6305542e-001
 -7.9833984e-002
  1.0910034e-001
  1.1981201e-001
  9.6191406e-002
  1.7886353e-001
  1.9393921e-001
  1.1132813e-001
  9.2254639e-002
  7.1228027e-002
 -1.1596680e-002
 -4.8614502e-002
 -3.4820557e-002
 -6.4697266e-002
 -1.0119629e-001
 -9.6801758e-002
 -7.8918457e-002
 -7.3364258e-002
 -7.5469971e-002
 -6.1492920e-002
 -3.4606934e-002
 -1.8768311e-002
  1.2207031e-004
  3.4667969e-002
  5.3100586e-002
  4.6417236e-002
  5.6732178e-002
  7.7697754e-002
  6.7474365e-002
  4.3365479e-002
  2.8869629e-002
  9.7045898e-003
 -1.4892578e-002
 -2.9327393e-002
 -4.1839600e-002
 -5.5999756e-002
 -5.9997559e-002
 -5.4199219e-002
 -4.6478271e-002
 -3.2867432e-002
 -1.2451172e-002
  5.4016113e-003
  1.7730713e-002
  2.8472900e-002
  3.6651611e-002
  3.9520264e-002
  3.6407471e-002
  2.9083252e-002
  1.9378662e-002
  7.2326660e-003
 -6.0729980e-003
 -1.5289307e-002
 -2.0507813e-002
 -2.4383545e-002
 -2.5878906e-002
 -2.4871826e-002
 -2.0843506e-002
 -1.4862061e-002
 -7.7514648e-003
 -1.5258789e-003
  4.7912598e-003
  1.0162354e-002
  1.1535645e-002
  1.0467529e-002
  1.0589600e-002
  1.1077881e-002
  9.4604492e-003
  6.4392090e-003
  2.6550293e-003
 -1.7700195e-003
 -5.0048828e-003
 -6.3476563e-003
 -7.0190430e-003
 -7.2021484e-003
 -7.6904297e-003
 -9.5214844e-003
 -9.7961426e-003
 -5.7678223e-003
 -7.6293945e-004
  3.2653809e-003
  5.5847168e-003
  6.2561035e-003
  5.8898926e-003
  4.5166016e-003
  2.8076172e-003
  2.5634766e-003
  2.5939941e-003
  5.1879883e-004
 -1.4648438e-003
 -1.3732910e-003
 -1.5563965e-003
 -2.2888184e-003
 -1.2817383e-003
 -6.7138672e-004
 -1.2207031e-003
 -7.0190430e-004
  4.5776367e-004
  1.1596680e-003
  3.0822754e-003
  4.6386719e-003
  4.2114258e-003
  3.2653809e-003
  2.6550293e-003
  3.0212402e-003
  3.8452148e-003
  4.6386719e-003
  4.3640137e-003
  2.9296875e-003
  1.9836426e-003
  1.1596680e-003
  3.9672852e-004
 -7.6293945e-004
 -1.9531250e-003
 -1.7700195e-003
 -4.2724609e-004
  2.6245117e-003
  5.9814453e-003
  6.6833496e-003
  4.0283203e-003
 -1.0681152e-003
 -5.4931641e-003
 -6.2561035e-003
 -4.7912598e-003
 -3.0517578e-003
 -1.2207031e-003
  1.1291504e-003
  4.3945313e-003
  8.1176758e-003
  1.0620117e-002
  9.0637207e-003
  3.9672852e-003
 -1.4343262e-003
 -4.3029785e-003
 -4.5471191e-003
 -4.7302246e-003
 -5.4626465e-003
 -3.8146973e-003
  7.3242188e-004
  4.6691895e-003
  6.4392090e-003
  7.2937012e-003
  7.6293945e-003
  6.7443848e-003
  4.7302246e-003
  2.2888184e-003
 -3.0517578e-005
 -1.8920898e-003
 -2.2888184e-003
 -1.8920898e-003
 -3.3264160e-003
 -4.9133301e-003
 -6.0424805e-003
 -5.6152344e-003
 -2.1362305e-003
  1.5563965e-003
  4.3640137e-003
  5.2795410e-003
  6.5002441e-003
  6.6528320e-003
  1.1901855e-003
 -3.4790039e-003
 -3.7841797e-003
 -1.7700195e-003
  2.5634766e-003
  5.2185059e-003
  5.3710938e-003
  6.0424805e-003
  7.2021484e-003
  7.1105957e-003
  3.6621094e-003
 -1.5258789e-004
 -4.9133301e-003
 -7.6904297e-003
 -3.0822754e-003
  1.6479492e-003
  2.5329590e-003
  3.9672852e-004
 -3.2043457e-003
 -2.8381348e-003
 -9.7656250e-004
 -2.3803711e-003
  1.0681152e-003
  8.6364746e-003
  1.4770508e-002
  1.9683838e-002
  1.8432617e-002
  1.2145996e-002
  3.8452148e-003
 -4.7912598e-003
 -1.1260986e-002
 -1.5869141e-002
 -1.7303467e-002
 -1.4282227e-002
 -6.1340332e-003
  2.9907227e-003
  5.7373047e-003
  4.2724609e-003
  3.9672852e-003
  4.5776367e-003
  7.1716309e-003
  9.6740723e-003
  8.2702637e-003
  4.0283203e-003
 -6.1035156e-005
 -3.0822754e-003
 -4.6081543e-003
 -5.2795410e-003
 -6.0729980e-003
 -5.0048828e-003
 -3.8146973e-003
 -2.3803711e-003
 -3.0517578e-005
  1.6784668e-003
  1.6479492e-003
  5.4931641e-004
  3.1127930e-003
  8.3618164e-003
  1.1077881e-002
  1.0101318e-002
  5.9204102e-003
  7.3242188e-004
 -2.6245117e-003
 -3.7231445e-003
 -4.4555664e-003
 -6.0729980e-003
 -7.1716309e-003
 -5.9204102e-003
 -1.7700195e-003
  2.4414063e-003
  4.1198730e-003
  3.7231445e-003
  3.6621094e-003
  4.7607422e-003
  5.6152344e-003
  5.3710938e-003
  2.0446777e-003
 -2.0141602e-003
 -5.2490234e-003
 -6.2561035e-003
 -3.9672852e-003
 -1.4648438e-003
 -1.3122559e-003
 -1.5258789e-003
  7.9345703e-004
  1.5869141e-003
  1.8920898e-003
  2.0751953e-003
  7.9345703e-004
  1.4038086e-003
  4.2724609e-003
  5.8288574e-003
  4.9438477e-003
  2.6245117e-003
 -1.3122559e-003
 -4.4555664e-003
 -4.8828125e-003
 -2.7465820e-003
 -1.7700195e-003
 -3.8757324e-003
 -3.7231445e-003
 -2.1972656e-003
 -2.4414063e-003
 -2.3498535e-003
 -8.2397461e-004
  1.7700195e-003
  3.9978027e-003
  6.2561035e-003
  7.4768066e-003
  3.9978027e-003
 -3.0517578e-004
 -2.0141602e-003
 -4.0283203e-003
 -4.2724609e-003
 -4.5776367e-004
  1.0986328e-003
 -1.3122559e-003
 -2.1057129e-003
 -9.1552734e-005
  2.0141602e-003
  2.2888184e-003
  2.5634766e-003
  1.7700195e-003
 -1.1596680e-003
 -2.9296875e-003
 -1.9836426e-003
 -1.1901855e-003
 -9.1552734e-004
  6.4086914e-004
  1.3122559e-003
 -6.1035156e-005
 -2.3803711e-003
 -1.1596680e-003
  1.0681152e-003
  1.2207031e-003
  1.5563965e-003
 -2.1362305e-004
 -4.0893555e-003
 -4.6081543e-003
 -1.5258789e-003
  1.2207031e-004
  8.2397461e-004
 -6.1035156e-005
 -1.7395020e-003
 -8.8500977e-004
  5.7983398e-004
  9.4604492e-004
  5.1879883e-004
  1.4648438e-003
  1.5869141e-003
 -6.7138672e-004
 -1.1901855e-003
 -1.7395020e-003
 -2.9602051e-003
 -2.2888184e-003
 -1.4038086e-003
 -6.4086914e-004
 -1.5258789e-004
  7.3242188e-004
  1.0986328e-003
 -1.9531250e-003
 -1.5563965e-003
  1.0986328e-003
 -2.4414063e-004
 -1.5258789e-004
  5.7983398e-004
 -2.7770996e-003
 -3.7841797e-003
 -1.8310547e-004
  7.6293945e-004
 -2.4414063e-004
  4.8828125e-004
  7.3242188e-004
 -1.6479492e-003
 -1.8615723e-003
  1.1901855e-003
  1.2512207e-003
 -2.0751953e-003
 -1.7395020e-003
  2.6550293e-003
  2.1362305e-004
 -3.5400391e-003
 -3.9672852e-004
  1.5869141e-003
 -6.4086914e-004
  9.1552734e-005
  3.5705566e-003
  4.8828125e-004
 -4.4860840e-003
 -4.9133301e-003
 -3.6010742e-003
 -3.0822754e-003
 -2.3498535e-003
 -5.1879883e-004
 -2.4414063e-004
 -3.6621094e-004
  2.0446777e-003
  3.8452148e-003
  3.7231445e-003
  2.7465820e-003
  1.8310547e-004
 -3.3264160e-003
 -3.2958984e-003
 -4.8828125e-004
  3.0517578e-005
 -1.0681152e-003
 -7.6293945e-004
 -1.5869141e-003
 -2.0446777e-003
 -1.0070801e-003
 -1.8310547e-003
 -1.4953613e-003
  6.4086914e-004
  8.2397461e-004
  5.4931641e-004
  1.9836426e-003
  1.0681152e-003
 -6.1035156e-004
 -6.1035156e-005
 -3.9672852e-004
 -2.6550293e-003
 -2.1972656e-003
 -9.1552734e-004
 -1.3732910e-003
 -2.1362305e-004
  1.3427734e-003
  1.3122559e-003
  1.1596680e-003
  6.1035156e-004
 -8.2397461e-004
 -1.8615723e-003
 -1.8310547e-003
  1.2207031e-004
  2.3193359e-003
  2.7465820e-003
  1.7700195e-003
  3.6621094e-004
 -1.0070801e-003
 -1.6479492e-003
 -2.1667480e-003
 -2.4108887e-003
 -1.6784668e-003
 -8.8500977e-004
 -1.2207031e-004
  2.4414063e-004
 -7.9345703e-004
 -1.8920898e-003
 -1.7395020e-003
 -2.7465820e-004
  3.0517578e-005
 -6.4086914e-004
 -2.4414063e-004
 -5.7983398e-004
 -5.1879883e-004
  2.7465820e-004
  5.1879883e-004
  1.4038086e-003
  2.4108887e-003
  1.2817383e-003
 -4.2724609e-004
 -1.2512207e-003
 -2.0141602e-003
 -2.3498535e-003
 -1.7700195e-003
 -1.5258789e-003
 -2.0141602e-003
 -1.3732910e-003
  2.1362305e-004
  2.5024414e-003
  3.7841797e-003
  6.4086914e-004
 -1.6174316e-003
  4.5776367e-004
  2.3498535e-003
  1.8005371e-003
  9.1552734e-005
 -1.9226074e-003
 -5.6457520e-003
 -6.1340332e-003
 -7.3242188e-004
  4.0588379e-003
  4.6081543e-003
  2.7160645e-003
  2.1362305e-004
 -6.1035156e-004
  8.8500977e-004
  1.3732910e-003
  2.1362305e-004
 -4.2724609e-004
  1.8310547e-004
  1.5258789e-004
 -4.5776367e-004
 -4.8828125e-004
 -1.1901855e-003
 -2.1972656e-003
 -2.0141602e-003
