  6.1035156e-005
  3.0517578e-005
  3.0517578e-005
  0.0000000e+000
  0.0000000e+000
 -3.0517578e-005
 -3.0517578e-005
  0.0000000e+000
  3.0517578e-005
  0.0000000e+000
 -3.0517578e-005
 -3.0517578e-005
 -3.0517578e-005
  6.1035156e-005
  9.1552734e-005
  1.2207031e-004
  1.5258789e-004
  6.1035156e-005
 -6.1035156e-005
 -1.5258789e-004
 -1.5258789e-004
 -1.8310547e-004
 -3.0517578e-005
 -3.0517578e-005
 -1.2207031e-004
  6.1035156e-005
  0.0000000e+000
  3.0517578e-005
  1.5258789e-004
 -9.1552734e-005
  3.3569336e-004
 -6.4086914e-004
  7.9345703e-004
 -1.4648438e-003
  1.8005371e-003
 -2.2583008e-003
  2.9296875e-003
  3.3874512e-003
  1.2774658e-001
  1.6555786e-001
 -6.2042236e-002
 -8.7646484e-002
 -7.0251465e-002
 -9.4146729e-002
  5.4992676e-002
  1.7495728e-001
  2.2851563e-001
  3.4036255e-001
  1.9726563e-001
 -1.4816284e-001
 -1.0241699e-001
 -6.0150146e-002
 -3.2958984e-001
 -3.4683228e-001
 -2.0556641e-001
 -2.3110962e-001
 -1.4892578e-001
  1.8951416e-002
  4.3975830e-002
  9.9731445e-002
  2.1676636e-001
  1.9763184e-001
  1.6247559e-001
  1.8167114e-001
  1.1154175e-001
  1.9897461e-002
 -1.2145996e-002
 -3.9733887e-002
 -7.0861816e-002
 -7.4615479e-002
 -9.2224121e-002
 -1.1495972e-001
 -8.5754395e-002
 -5.9387207e-002
 -8.9019775e-002
 -9.7351074e-002
 -4.7637939e-002
 -1.2207031e-002
  7.9650879e-003
  3.8360596e-002
  5.8319092e-002
  6.2957764e-002
  7.5195313e-002
  8.2946777e-002
  7.1899414e-002
  6.0546875e-002
  3.4820557e-002
  2.2583008e-003
 -1.2725830e-002
 -2.2735596e-002
 -4.2053223e-002
 -5.5633545e-002
 -6.2469482e-002
 -6.6986084e-002
 -5.3253174e-002
 -3.5034180e-002
 -2.2766113e-002
 -5.0048828e-003
  1.4587402e-002
  2.3010254e-002
  2.9052734e-002
  3.6956787e-002
  3.8055420e-002
  3.5797119e-002
  2.7709961e-002
  1.4190674e-002
  2.6245117e-003
 -5.6152344e-003
 -1.4648438e-002
 -2.1270752e-002
 -2.2735596e-002
 -2.4932861e-002
 -2.5695801e-002
 -2.1606445e-002
 -1.4892578e-002
 -7.6293945e-003
  6.7138672e-004
  7.2631836e-003
  8.8806152e-003
  9.4604492e-003
  1.0772705e-002
  1.1901855e-002
  1.3671875e-002
  1.4526367e-002
  1.0437012e-002
  4.0283203e-003
 -1.3732910e-003
 -6.0729980e-003
 -7.2631836e-003
 -6.3781738e-003
 -7.9040527e-003
 -1.1291504e-002
 -1.2573242e-002
 -1.1016846e-002
 -6.6528320e-003
 -9.1552734e-004
  2.5329590e-003
  3.6010742e-003
  3.9062500e-003
  4.1198730e-003
  5.0048828e-003
  6.9274902e-003
  7.7819824e-003
  6.3781738e-003
  4.1503906e-003
  2.5024414e-003
  1.8005371e-003
  1.5869141e-003
  9.4604492e-004
 -8.2397461e-004
 -2.9602051e-003
 -3.9672852e-003
 -4.3029785e-003
 -3.3264160e-003
 -4.8828125e-004
  2.1362305e-003
  2.9296875e-003
  3.1433105e-003
  3.7231445e-003
  4.6691895e-003
  6.3171387e-003
  7.2021484e-003
  6.8054199e-003
  5.4931641e-003
  3.2043457e-003
  7.0190430e-004
 -2.1362305e-004
 -1.2207031e-004
 -3.0517578e-004
  6.1035156e-005
  7.6293945e-004
  1.5258789e-003
  2.6245117e-003
  4.2114258e-003
  4.9133301e-003
  2.1667480e-003
 -3.8146973e-003
 -8.5754395e-003
 -9.0942383e-003
 -6.7443848e-003
 -2.6855469e-003
  2.3498535e-003
  6.4392090e-003
  9.2468262e-003
  1.1535645e-002
  1.3000488e-002
  1.1688232e-002
  6.4086914e-003
 -6.7138672e-004
 -5.7373047e-003
 -7.5683594e-003
 -7.6904297e-003
 -7.1105957e-003
 -6.1340332e-003
 -3.2348633e-003
  2.2277832e-003
  7.1105957e-003
  8.4228516e-003
  6.9274902e-003
  5.2795410e-003
  5.0964355e-003
  4.7912598e-003
  2.6550293e-003
 -4.8828125e-004
 -2.5634766e-003
 -3.2348633e-003
 -3.2653809e-003
 -3.6010742e-003
 -4.9438477e-003
 -6.2866211e-003
 -5.7373047e-003
 -2.5939941e-003
  2.6245117e-003
  7.9345703e-003
  8.6975098e-003
  3.8452148e-003
 -3.0517578e-004
 -5.7983398e-004
  7.3242188e-004
  3.5705566e-003
  6.7443848e-003
  9.0942383e-003
  9.1552734e-003
  5.0354004e-003
  2.7465820e-004
 -6.4086914e-004
 -1.0681152e-003
 -4.1198730e-003
 -5.1269531e-003
 -3.3264160e-003
 -3.9672852e-004
  1.0986328e-003
 -3.3569336e-004
 -1.8615723e-003
 -5.1879883e-004
  2.1057129e-003
  5.6152344e-003
  1.1138916e-002
  1.4556885e-002
  1.4831543e-002
  1.2817383e-002
  6.7749023e-003
 -9.4604492e-004
 -6.4086914e-003
 -9.8876953e-003
 -1.1199951e-002
 -9.5520020e-003
 -5.7983398e-003
 -2.5634766e-003
 -4.5776367e-004
  1.5258789e-003
  2.5939941e-003
  1.7395020e-003
 -3.0517578e-004
 -1.2207031e-003
 -2.1362305e-004
  2.3803711e-003
  4.3640137e-003
  4.3029785e-003
  4.2724609e-003
  3.7536621e-003
  1.1596680e-003
 -1.0986328e-003
 -1.5869141e-003
 -2.8991699e-003
 -3.4790039e-003
 -2.3498535e-003
 -2.2277832e-003
 -1.2512207e-003
  3.3569336e-004
  1.0986328e-003
  2.8991699e-003
  4.7912598e-003
  5.0964355e-003
  4.9133301e-003
  3.0517578e-003
  1.2207031e-004
 -1.0375977e-003
 -1.2512207e-003
 -1.2817383e-003
 -1.2512207e-003
 -1.4343262e-003
 -1.1901855e-003
 -4.8828125e-004
  3.9672852e-004
  2.3498535e-003
  3.6315918e-003
  2.4719238e-003
  9.4604492e-004
  3.6621094e-004
 -4.8828125e-004
 -1.7700195e-003
 -2.1362305e-003
 -1.8310547e-003
 -1.1291504e-003
  1.5258789e-004
  5.1879883e-004
 -3.0517578e-005
 -3.0517578e-004
 -6.1035156e-005
 -4.2724609e-004
 -1.2207031e-004
  2.1362305e-004
 -6.7138672e-004
 -4.5776367e-004
 -9.1552734e-005
  2.1362305e-004
  1.0070801e-003
  1.3122559e-003
  1.2512207e-003
  1.0070801e-003
  3.6621094e-004
 -7.0190430e-004
 -2.1362305e-003
 -3.9367676e-003
 -4.4555664e-003
 -1.2207031e-003
  2.4414063e-003
  3.0822754e-003
  2.1362305e-003
  8.5449219e-004
 -1.8310547e-004
 -1.5258789e-004
  7.6293945e-004
  8.5449219e-004
 -3.6621094e-004
 -1.6784668e-003
 -2.3803711e-003
 -1.8005371e-003
 -9.1552734e-005
  6.7138672e-004
  5.4931641e-004
  2.1362305e-004
  9.1552734e-004
  2.2583008e-003
  2.0751953e-003
  1.1901855e-003
  0.0000000e+000
 -2.0141602e-003
 -3.4790039e-003
 -2.7770996e-003
 -1.7395020e-003
 -9.7656250e-004
  1.8310547e-004
  6.4086914e-004
  1.5258789e-004
 -1.5258789e-004
 -2.7465820e-004
 -9.4604492e-004
 -9.7656250e-004
 -1.5258789e-004
 -1.4648438e-003
 -3.9367676e-003
 -3.5095215e-003
 -2.3498535e-003
 -1.9226074e-003
 -4.8828125e-004
  7.3242188e-004
  2.1362305e-004
 -1.5258789e-004
  2.7465820e-004
 -3.3569336e-004
 -9.1552734e-004
 -3.3569336e-004
 -2.7465820e-004
 -1.0681152e-003
 -8.2397461e-004
 -3.9672852e-004
 -9.1552734e-004
 -3.0517578e-004
  3.0517578e-004
 -2.7465820e-004
 -1.4343262e-003
 -1.0070801e-003
  1.8310547e-004
 -4.5776367e-004
  1.1596680e-003
  3.4179688e-003
  2.5329590e-003
  1.1901855e-003
 -1.5258789e-003
 -5.6152344e-003
 -5.1269531e-003
 -2.9602051e-003
 -3.6010742e-003
 -9.4604492e-004
  3.9062500e-003
  3.8757324e-003
  2.1362305e-004
 -5.1879883e-004
 -3.0517578e-004
 -1.0070801e-003
 -3.0517578e-005
  2.2277832e-003
  2.0446777e-003
  3.0517578e-005
 -6.7138672e-004
 -2.7770996e-003
 -4.9743652e-003
 -3.1127930e-003
 -1.0070801e-003
 -9.7656250e-004
  4.5776367e-004
  7.6293945e-004
 -1.0070801e-003
 -3.9672852e-004
  9.7656250e-004
  3.0517578e-005
 -7.0190430e-004
 -5.7983398e-004
 -1.4343262e-003
 -1.1901855e-003
  3.0517578e-005
 -3.9672852e-004
 -1.1901855e-003
 -1.1596680e-003
 -9.4604492e-004
 -4.5776367e-004
  5.4931641e-004
  7.9345703e-004
  4.2724609e-004
 -3.0517578e-004
 -1.4038086e-003
 -1.7395020e-003
 -1.1901855e-003
 -8.2397461e-004
 -8.2397461e-004
  5.7983398e-004
  1.2817383e-003
 -3.0517578e-005
 -4.5776367e-004
  4.5776367e-004
 -1.8310547e-004
 -9.7656250e-004
 -8.5449219e-004
 -4.2724609e-004
  1.0986328e-003
  1.3122559e-003
 -1.5869141e-003
 -4.3334961e-003
 -2.3498535e-003
  1.4953613e-003
  4.1809082e-003
  4.4555664e-003
  1.7395020e-003
 -2.0446777e-003
 -3.9672852e-003
 -3.5095215e-003
 -2.5024414e-003
 -1.3427734e-003
 -6.1035156e-004
  3.0517578e-004
  6.1035156e-004
  2.7465820e-004
 -3.0517578e-004
 -3.6621094e-004
  2.1362305e-004
  5.1879883e-004
 -2.7465820e-004
 -1.1901855e-003
 -8.5449219e-004
 -8.5449219e-004
 -1.4343262e-003
 -1.6784668e-003
 -1.4953613e-003
 -1.0681152e-003
 -3.0517578e-005
 -3.0517578e-005
 -3.0517578e-004
  2.7465820e-004
  6.4086914e-004
  7.0190430e-004
  1.1596680e-003
  9.4604492e-004
 -1.8310547e-004
 -6.1035156e-005
  1.8310547e-004
 -3.0517578e-004
 -9.4604492e-004
 -1.2817383e-003
 -1.2817383e-003
 -6.4086914e-004
  4.8828125e-004
  7.3242188e-004
  5.7983398e-004
  5.7983398e-004
  5.4931641e-004
  3.0517578e-004
  4.2724609e-004
  6.7138672e-004
  1.8310547e-004
 -6.1035156e-005
  9.1552734e-005
 -3.0517578e-005
  5.4931641e-004
  8.8500977e-004
  0.0000000e+000
 -7.9345703e-004
 -1.0681152e-003
 -1.1291504e-003
 -3.0517578e-005
  1.5563965e-003
  1.4038086e-003
  3.3569336e-004
 -3.0517578e-004
 -6.4086914e-004
 -1.5258789e-004
  4.8828125e-004
 -1.8310547e-004
 -1.1901855e-003
 -1.2817383e-003
 -6.4086914e-004
