  3.0517578e-005
  3.0517578e-005
  3.0517578e-005
 -3.0517578e-005
  0.0000000e+000
  3.0517578e-005
  3.0517578e-005
 -3.0517578e-005
 -9.1552734e-005
 -9.1552734e-005
 -3.0517578e-005
  9.1552734e-005
  9.1552734e-005
  1.8310547e-004
  9.1552734e-005
 -3.0517578e-005
 -2.1362305e-004
 -1.8310547e-004
 -2.1362305e-004
 -9.1552734e-005
  3.0517578e-005
  0.0000000e+000
 -2.1362305e-004
  2.1362305e-004
 -2.4414063e-004
  4.8828125e-004
 -3.6621094e-004
  5.7983398e-004
 -6.7138672e-004
  3.0517578e-004
 -5.7983398e-004
 -2.1362305e-004
  4.8828125e-004
 -6.7138672e-004
  6.1035156e-005
  3.9825439e-002
  2.4508667e-001
  1.1209106e-001
 -1.6513062e-001
 -1.2411499e-001
 -1.3052368e-001
 -2.3712158e-002
  1.7611694e-001
  2.6782227e-001
  3.7567139e-001
  3.7438965e-001
 -5.1391602e-002
 -2.7139282e-001
 -4.4586182e-002
 -2.1078491e-001
 -4.5956421e-001
 -2.9586792e-001
 -2.3159790e-001
 -2.4960327e-001
 -4.7607422e-002
  6.1096191e-002
  5.3436279e-002
  1.8804932e-001
  2.7011108e-001
  2.0910645e-001
  2.0980835e-001
  1.8405151e-001
  7.2204590e-002
 -3.6315918e-003
 -3.8452148e-002
 -7.1289063e-002
 -7.7941895e-002
 -7.7209473e-002
 -1.2796021e-001
 -1.3723755e-001
 -7.2174072e-002
 -7.5500488e-002
 -1.4669800e-001
 -1.2078857e-001
 -3.9825439e-002
 -8.7585449e-003
  2.9998779e-002
  7.4798584e-002
  8.2489014e-002
  8.9447021e-002
  1.1532593e-001
  1.1004639e-001
  9.3017578e-002
  7.4645996e-002
  2.5146484e-002
 -1.1474609e-002
 -2.0904541e-002
 -3.6956787e-002
 -5.9906006e-002
 -7.2723389e-002
 -8.8470459e-002
 -8.5510254e-002
 -5.4199219e-002
 -3.4088135e-002
 -2.0355225e-002
  3.1738281e-003
  2.0751953e-002
  2.6580811e-002
  3.6315918e-002
  4.2694092e-002
  4.3060303e-002
  4.1259766e-002
  2.9571533e-002
  1.5350342e-002
  5.6762695e-003
 -3.9367676e-003
 -1.5502930e-002
 -2.1453857e-002
 -2.5085449e-002
 -3.1646729e-002
 -3.3935547e-002
 -2.9235840e-002
 -2.0172119e-002
 -9.0942383e-003
  2.0141602e-003
  7.6904297e-003
  8.6059570e-003
  1.1444092e-002
  1.5869141e-002
  2.0111084e-002
  2.3132324e-002
  2.0660400e-002
  1.1840820e-002
  3.4484863e-003
 -2.5939941e-003
 -6.1950684e-003
 -6.4392090e-003
 -8.7890625e-003
 -1.5808105e-002
 -2.1514893e-002
 -2.1270752e-002
 -1.5655518e-002
 -6.5002441e-003
  1.0375977e-003
  3.6621094e-003
  3.9978027e-003
  4.8522949e-003
  7.0190430e-003
  1.0620117e-002
  1.3854980e-002
  1.3946533e-002
  1.0833740e-002
  6.7138672e-003
  3.4179688e-003
  1.9836426e-003
  1.7700195e-003
  6.1035156e-004
 -2.8381348e-003
 -6.2255859e-003
 -7.5378418e-003
 -7.7209473e-003
 -5.7067871e-003
 -2.2583008e-003
 -2.7465820e-004
  6.4086914e-004
  2.1972656e-003
  4.5471191e-003
  8.2092285e-003
  1.1993408e-002
  1.2390137e-002
  9.8876953e-003
  7.3852539e-003
  5.1574707e-003
  2.8991699e-003
  1.3122559e-003
 -3.9672852e-004
 -2.2888184e-003
 -3.8146973e-003
 -4.5471191e-003
 -3.1738281e-003
 -4.8828125e-004
  1.8005371e-003
  3.4179688e-003
  3.6010742e-003
  2.0141602e-003
 -8.2397461e-004
 -4.1809082e-003
 -6.0424805e-003
 -4.3334961e-003
 -8.2397461e-004
  2.4414063e-003
  5.8593750e-003
  8.7890625e-003
  1.0986328e-002
  1.1932373e-002
  1.0253906e-002
  5.1269531e-003
 -1.7700195e-003
 -7.6293945e-003
 -9.7656250e-003
 -8.3007813e-003
 -6.6528320e-003
 -5.3100586e-003
 -2.1362305e-003
  3.7841797e-003
  1.0345459e-002
  1.3336182e-002
  1.1383057e-002
  7.7819824e-003
  4.5471191e-003
  1.5869141e-003
 -1.0681152e-003
 -3.7841797e-003
 -5.4016113e-003
 -4.9438477e-003
 -4.6997070e-003
 -5.4016113e-003
 -5.5541992e-003
 -5.1879883e-003
 -4.3945313e-003
 -1.1291504e-003
  4.9743652e-003
  9.0026855e-003
  6.7749023e-003
  9.7656250e-004
 -1.6479492e-003
  1.5258789e-003
  6.1035156e-003
  9.4604492e-003
  1.1138916e-002
  1.0437012e-002
  6.8359375e-003
  1.3732910e-003
 -2.6550293e-003
 -4.5776367e-003
 -8.2702637e-003
 -1.1413574e-002
 -7.2326660e-003
  5.7983398e-004
  5.7678223e-003
  6.1950684e-003
  2.7160645e-003
  5.1879883e-004
  2.3803711e-003
  3.5095215e-003
  4.4555664e-003
  9.6130371e-003
  1.3397217e-002
  1.2145996e-002
  9.1857910e-003
  3.2348633e-003
 -3.6926270e-003
 -7.4768066e-003
 -9.8571777e-003
 -9.6740723e-003
 -5.4931641e-003
  3.0517578e-005
  2.9296875e-003
  3.3874512e-003
  2.3803711e-003
 -4.2724609e-004
 -2.4414063e-003
 -3.3264160e-003
 -2.3193359e-003
  1.8310547e-004
  9.1552734e-004
  1.3732910e-003
  2.5024414e-003
  2.9907227e-003
  3.0212402e-003
  3.3264160e-003
  2.4719238e-003
  1.1291504e-003
 -1.8310547e-004
 -2.3803711e-003
 -3.9062500e-003
 -3.6315918e-003
 -3.0517578e-003
 -1.9836426e-003
  0.0000000e+000
  9.1552734e-004
  2.5329590e-003
  4.0283203e-003
  4.2419434e-003
  3.4790039e-003
  1.4953613e-003
  2.1362305e-004
  1.5258789e-004
 -6.1035156e-005
 -1.3732910e-003
 -1.3122559e-003
 -1.5258789e-004
  1.1901855e-003
  2.2583008e-003
  2.6550293e-003
  2.1972656e-003
  1.0375977e-003
 -2.7465820e-004
 -2.1362305e-003
 -2.8686523e-003
 -2.9907227e-003
 -2.8991699e-003
 -2.3498535e-003
 -8.8500977e-004
  1.1291504e-003
  2.3803711e-003
  3.2958984e-003
  2.8991699e-003
  1.9226074e-003
  8.5449219e-004
 -3.6621094e-004
 -1.1901855e-003
 -1.5563965e-003
 -1.0986328e-003
 -1.1596680e-003
 -9.7656250e-004
  1.8310547e-004
  6.1035156e-005
 -1.2207031e-004
  1.2207031e-004
 -7.6293945e-004
 -1.2512207e-003
 -1.6784668e-003
 -2.1057129e-003
 -1.9531250e-003
 -8.5449219e-004
  2.2888184e-003
  5.0659180e-003
  4.6386719e-003
  2.5939941e-003
  4.5776367e-004
 -1.7395020e-003
 -1.6174316e-003
 -2.7465820e-004
 -1.1901855e-003
 -2.9296875e-003
 -3.3874512e-003
 -3.5400391e-003
 -2.3193359e-003
 -3.0517578e-005
  9.4604492e-004
  1.3122559e-003
  1.9531250e-003
  1.7089844e-003
  6.7138672e-004
  9.1552734e-004
  1.4648438e-003
  1.0681152e-003
 -6.1035156e-005
 -8.8500977e-004
 -1.0070801e-003
 -1.4953613e-003
 -2.0751953e-003
 -1.6784668e-003
 -1.7700195e-003
 -1.3732910e-003
  4.8828125e-004
  6.1035156e-005
 -2.4414063e-003
 -3.2653809e-003
 -2.6245117e-003
 -1.7089844e-003
  1.2512207e-003
  2.5024414e-003
 -3.6621094e-004
 -2.7160645e-003
 -3.1433105e-003
 -2.2583008e-003
 -5.4931641e-004
  4.5776367e-004
  3.0517578e-004
 -3.9672852e-004
 -8.5449219e-004
 -6.1035156e-004
 -4.5776367e-004
 -1.0070801e-003
 -5.7983398e-004
  1.2207031e-004
 -3.0517578e-005
 -2.1362305e-004
 -6.7138672e-004
 -1.4953613e-003
 -9.4604492e-004
  1.7089844e-003
  2.5024414e-003
  2.1972656e-003
  1.7395020e-003
 -9.4604492e-004
 -3.6621094e-003
 -4.0283203e-003
 -2.7160645e-003
 -1.1291504e-003
  1.8310547e-004
 -2.4414063e-004
 -1.4038086e-003
 -1.2817383e-003
 -3.9672852e-004
  7.9345703e-004
  2.6245117e-003
  3.8452148e-003
  1.3122559e-003
 -2.4719238e-003
 -4.1198730e-003
 -4.7302246e-003
 -3.3874512e-003
  7.6293945e-004
  4.6081543e-003
  4.9438477e-003
  2.0446777e-003
 -1.7395020e-003
 -3.3874512e-003
 -2.6550293e-003
 -1.4953613e-003
 -1.2512207e-003
 -1.2512207e-003
 -1.9226074e-003
 -2.6550293e-003
 -2.2888184e-003
 -6.7138672e-004
  1.4343262e-003
  2.3193359e-003
  1.8310547e-003
  1.2207031e-003
  1.2817383e-003
  3.3569336e-004
 -1.5258789e-003
 -2.6855469e-003
 -2.6855469e-003
 -2.4719238e-003
 -2.2277832e-003
 -1.8920898e-003
 -1.3122559e-003
  0.0000000e+000
  8.8500977e-004
  1.3732910e-003
  1.8005371e-003
  1.8615723e-003
  1.2207031e-003
  3.0517578e-005
 -5.1879883e-004
 -7.6293945e-004
 -1.2817383e-003
 -1.7700195e-003
 -1.5869141e-003
 -8.5449219e-004
  4.8828125e-004
  1.8310547e-003
  5.4931641e-004
 -2.9907227e-003
 -3.8757324e-003
 -1.1901855e-003
  2.1057129e-003
  4.3029785e-003
  2.9602051e-003
 -3.0517578e-004
 -1.5563965e-003
 -1.0375977e-003
 -8.2397461e-004
 -8.5449219e-004
 -9.1552734e-004
 -1.4343262e-003
 -1.7395020e-003
 -1.7700195e-003
 -1.5869141e-003
 -8.5449219e-004
 -2.7465820e-004
 -9.1552734e-005
 -4.5776367e-004
 -8.5449219e-004
 -9.1552734e-005
  7.3242188e-004
  6.1035156e-004
  5.4931641e-004
  1.2207031e-004
 -1.1596680e-003
 -1.3732910e-003
 -4.5776367e-004
 -3.0517578e-004
 -1.2207031e-004
  3.9672852e-004
  3.9672852e-004
  5.7983398e-004
  4.5776367e-004
 -8.2397461e-004
 -1.4953613e-003
 -1.1291504e-003
 -1.0681152e-003
 -1.0681152e-003
 -8.5449219e-004
 -2.1362305e-004
  8.5449219e-004
  2.1057129e-003
  2.7160645e-003
  2.2583008e-003
  1.4038086e-003
  4.2724609e-004
 -3.9672852e-004
 -1.0070801e-003
 -1.1596680e-003
 -1.4953613e-003
 -2.1057129e-003
 -1.7089844e-003
 -9.7656250e-004
  0.0000000e+000
  1.3427734e-003
  1.8005371e-003
  1.1596680e-003
  7.6293945e-004
  9.7656250e-004
  1.4343262e-003
  2.1972656e-003
  2.1057129e-003
  5.4931641e-004
 -1.3122559e-003
 -2.0141602e-003
 -1.5869141e-003
 -1.4648438e-003
 -1.8615723e-003
 -1.9531250e-003
 -1.3732910e-003
 -9.1552734e-005
  1.2207031e-003
