  9.1552734e-005
  3.0517578e-005
  0.0000000e+000
  3.0517578e-005
  3.0517578e-005
  0.0000000e+000
  0.0000000e+000
 -6.1035156e-005
 -9.1552734e-005
 -6.1035156e-005
  6.1035156e-005
  1.5258789e-004
  1.8310547e-004
  1.5258789e-004
  0.0000000e+000
 -1.8310547e-004
 -2.4414063e-004
 -2.1362305e-004
 -9.1552734e-005
  6.1035156e-005
  3.0517578e-005
 -1.2207031e-004
  1.5258789e-004
 -1.5258789e-004
  2.4414063e-004
  6.1035156e-005
  9.1552734e-005
  1.5258789e-004
 -6.1035156e-004
  6.7138672e-004
 -1.7395020e-003
  2.2277832e-003
 -3.0517578e-003
  3.6010742e-003
  1.2359619e-002
  2.1255493e-001
  2.1066284e-001
 -1.3433838e-001
 -1.7807007e-001
 -1.4068604e-001
 -5.6884766e-002
  1.4376831e-001
  2.7706909e-001
  3.9187622e-001
  4.1564941e-001
  4.8400879e-002
 -2.9037476e-001
 -1.0845947e-001
 -1.5219116e-001
 -4.5947266e-001
 -3.7271118e-001
 -2.2476196e-001
 -2.4548340e-001
 -9.9334717e-002
  5.7312012e-002
  5.9570313e-002
  1.5432739e-001
  2.7227783e-001
  2.3873901e-001
  2.1145630e-001
  1.8984985e-001
  8.8897705e-002
  6.3476563e-003
 -2.7343750e-002
 -5.7281494e-002
 -7.4462891e-002
 -7.1502686e-002
 -1.1398315e-001
 -1.4770508e-001
 -9.4207764e-002
 -6.8176270e-002
 -1.4758301e-001
 -1.6589355e-001
 -6.7565918e-002
 -3.0517578e-004
  3.2928467e-002
  7.2692871e-002
  8.8897705e-002
  9.2346191e-002
  1.1926270e-001
  1.2603760e-001
  1.0198975e-001
  8.0413818e-002
  3.5186768e-002
 -8.0261230e-003
 -2.0935059e-002
 -3.5278320e-002
 -6.2896729e-002
 -7.8399658e-002
 -8.8928223e-002
 -9.1064453e-002
 -6.1981201e-002
 -3.4484863e-002
 -1.9714355e-002
  5.7983398e-004
  2.0629883e-002
  2.7526855e-002
  3.3721924e-002
  4.1839600e-002
  4.4189453e-002
  4.3243408e-002
  3.2623291e-002
  1.8188477e-002
  7.5683594e-003
 -1.9226074e-003
 -1.3397217e-002
 -2.1575928e-002
 -2.5939941e-002
 -3.1982422e-002
 -3.5186768e-002
 -3.2501221e-002
 -2.3742676e-002
 -1.1444092e-002
  9.7656250e-004
  8.5144043e-003
  9.5520020e-003
  1.1138916e-002
  1.5319824e-002
  2.0660400e-002
  2.4688721e-002
  2.3498535e-002
  1.5258789e-002
  5.3100586e-003
 -1.9836426e-003
 -6.9580078e-003
 -8.2092285e-003
 -9.8876953e-003
 -1.5838623e-002
 -2.2033691e-002
 -2.2857666e-002
 -1.7425537e-002
 -7.9040527e-003
  5.7983398e-004
  4.1503906e-003
  4.7607422e-003
  4.9133301e-003
  6.3171387e-003
  1.0162354e-002
  1.4648438e-002
  1.5533447e-002
  1.2023926e-002
  7.2021484e-003
  3.4790039e-003
  1.8615723e-003
  2.0141602e-003
  1.4038086e-003
 -1.7700195e-003
 -5.7983398e-003
 -7.8125000e-003
 -8.1481934e-003
 -6.4086914e-003
 -2.8381348e-003
 -2.7465820e-004
  7.3242188e-004
  2.0141602e-003
  4.2419434e-003
  7.3852539e-003
  1.1108398e-002
  1.2573242e-002
  1.1322021e-002
  8.7585449e-003
  6.0424805e-003
  3.6315918e-003
  2.0141602e-003
  3.0517578e-004
 -2.1057129e-003
 -4.3029785e-003
 -5.4626465e-003
 -4.5166016e-003
 -1.8920898e-003
  8.5449219e-004
  2.9602051e-003
  3.7536621e-003
  3.2043457e-003
  1.8005371e-003
 -9.7656250e-004
 -3.9367676e-003
 -4.5166016e-003
 -2.5634766e-003
  9.1552734e-005
  3.1433105e-003
  6.0424805e-003
  8.4838867e-003
  1.0162354e-002
  1.0040283e-002
  7.5988770e-003
  2.7770996e-003
 -3.4790039e-003
 -8.0871582e-003
 -8.3923340e-003
 -6.4697266e-003
 -5.1574707e-003
 -3.7841797e-003
 -4.2724609e-004
  5.7983398e-003
  1.1962891e-002
  1.3702393e-002
  1.1047363e-002
  6.8969727e-003
  3.0517578e-003
  9.1552734e-005
 -2.7160645e-003
 -5.2795410e-003
 -5.7067871e-003
 -5.3100586e-003
 -5.8898926e-003
 -6.3781738e-003
 -5.8898926e-003
 -4.6386719e-003
 -2.4719238e-003
  1.9531250e-003
  7.6293945e-003
  9.2468262e-003
  4.2724609e-003
 -1.5563965e-003
 -1.4648438e-003
  3.6621094e-003
  8.5449219e-003
  1.1932373e-002
  1.2542725e-002
  9.7045898e-003
  4.7302246e-003
 -6.4086914e-004
 -4.8217773e-003
 -8.4533691e-003
 -1.2725830e-002
 -1.1962891e-002
 -3.2958984e-003
  5.3710938e-003
  7.9040527e-003
  5.5541992e-003
  2.1667480e-003
  1.2817383e-003
  3.8757324e-003
  4.3334961e-003
  5.1879883e-003
  1.0620117e-002
  1.2634277e-002
  1.0192871e-002
  6.7443848e-003
 -1.8310547e-004
 -6.2561035e-003
 -8.1176758e-003
 -9.0942383e-003
 -8.0261230e-003
 -2.3498535e-003
  2.3193359e-003
  3.0822754e-003
  3.8452148e-003
  2.3193359e-003
 -1.8615723e-003
 -3.3569336e-003
 -2.6855469e-003
 -1.1901855e-003
  5.7983398e-004
  5.1879883e-004
  9.1552734e-005
  1.1291504e-003
  2.8991699e-003
  3.5095215e-003
  3.6315918e-003
  2.9602051e-003
  1.1901855e-003
 -7.0190430e-004
 -2.6245117e-003
 -3.9062500e-003
 -3.1127930e-003
 -2.5329590e-003
 -2.1972656e-003
 -6.4086914e-004
  4.5776367e-004
  2.1972656e-003
  3.5095215e-003
  3.5095215e-003
  2.2277832e-003
  1.1291504e-003
  7.9345703e-004
  5.7983398e-004
  4.5776367e-004
 -5.7983398e-004
 -3.9672852e-004
  1.2207031e-003
  2.5634766e-003
  3.1127930e-003
  2.8076172e-003
  7.0190430e-004
 -1.1901855e-003
 -2.3803711e-003
 -3.9367676e-003
 -3.9367676e-003
 -2.9602051e-003
 -2.5634766e-003
 -1.8310547e-003
  3.0517578e-004
  2.5939941e-003
  3.7536621e-003
  4.3640137e-003
  3.8757324e-003
  2.1972656e-003
  6.1035156e-004
 -8.5449219e-004
 -1.6784668e-003
 -1.8920898e-003
 -1.7089844e-003
 -1.7395020e-003
 -9.7656250e-004
 -1.2207031e-004
 -7.3242188e-004
 -6.4086914e-004
 -8.2397461e-004
 -1.7700195e-003
 -1.2817383e-003
 -1.2207031e-003
 -7.9345703e-004
  1.2207031e-004
  5.4931641e-004
  2.6245117e-003
  5.0048828e-003
  4.7302246e-003
  2.3803711e-003
 -1.8310547e-004
 -2.0141602e-003
 -1.7395020e-003
 -1.0681152e-003
 -1.8920898e-003
 -3.2043457e-003
 -4.0588379e-003
 -3.9672852e-003
 -2.5329590e-003
 -9.7656250e-004
  6.1035156e-004
  1.9226074e-003
  2.0446777e-003
  1.9531250e-003
  2.1057129e-003
  1.8005371e-003
  1.3427734e-003
  1.5869141e-003
  1.0375977e-003
 -3.3569336e-004
 -1.5258789e-003
 -2.5024414e-003
 -3.2958984e-003
 -3.1433105e-003
 -2.0751953e-003
 -7.6293945e-004
  0.0000000e+000
 -6.7138672e-004
 -1.8920898e-003
 -2.6550293e-003
 -2.1362305e-003
 -3.9672852e-004
  9.4604492e-004
  1.0070801e-003
  5.1879883e-004
 -1.1596680e-003
 -3.2348633e-003
 -2.6855469e-003
 -1.1596680e-003
 -6.1035156e-004
  4.5776367e-004
  3.9672852e-004
 -1.4953613e-003
 -1.2817383e-003
  6.1035156e-005
 -7.6293945e-004
 -6.7138672e-004
  8.5449219e-004
  3.9672852e-004
 -8.8500977e-004
 -1.1291504e-003
 -1.6174316e-003
  3.0517578e-005
  2.6245117e-003
  2.7770996e-003
  2.1972656e-003
  9.1552734e-005
 -2.8381348e-003
 -4.8217773e-003
 -4.1809082e-003
 -1.3427734e-003
 -3.0517578e-005
 -5.1879883e-004
 -6.4086914e-004
 -9.1552734e-005
  5.1879883e-004
  1.3427734e-003
  1.9836426e-003
  1.1901855e-003
 -3.0517578e-005
 -8.2397461e-004
 -2.0141602e-003
 -3.1433105e-003
 -3.7841797e-003
 -2.1667480e-003
  1.0986328e-003
  4.3029785e-003
  5.0354004e-003
  1.9836426e-003
 -2.0751953e-003
 -3.0517578e-003
 -1.4953613e-003
 -1.8310547e-003
 -2.7160645e-003
 -2.0751953e-003
 -1.9836426e-003
 -2.7770996e-003
 -2.2583008e-003
 -9.1552734e-004
  2.4414063e-004
  2.1362305e-003
  3.1127930e-003
  2.2583008e-003
  1.6174316e-003
  1.1596680e-003
 -6.1035156e-005
 -1.4648438e-003
 -2.2277832e-003
 -2.9296875e-003
 -3.9978027e-003
 -4.2114258e-003
 -2.8076172e-003
 -7.3242188e-004
  8.5449219e-004
  2.2277832e-003
  2.7465820e-003
  2.1667480e-003
  1.3427734e-003
 -3.0517578e-005
 -1.0681152e-003
 -7.9345703e-004
 -6.4086914e-004
 -9.1552734e-004
 -2.1362305e-004
  3.3569336e-004
  3.3569336e-004
  8.8500977e-004
 -2.4414063e-004
 -3.7536621e-003
 -4.3945313e-003
 -1.0070801e-003
  1.9836426e-003
  3.0212402e-003
  2.1972656e-003
 -9.1552734e-005
 -7.6293945e-004
  3.0517578e-005
 -2.4414063e-004
 -9.7656250e-004
 -1.3732910e-003
 -1.7395020e-003
 -1.6784668e-003
 -1.2207031e-003
 -1.2512207e-003
 -6.7138672e-004
  1.8310547e-004
 -2.7465820e-004
 -7.9345703e-004
 -8.2397461e-004
 -7.6293945e-004
  3.0517578e-005
  9.4604492e-004
  6.7138672e-004
  9.1552734e-005
 -7.0190430e-004
 -1.4343262e-003
 -1.0070801e-003
 -3.0517578e-005
  3.3569336e-004
  1.3122559e-003
  1.6174316e-003
  2.7465820e-004
 -4.5776367e-004
 -1.0375977e-003
 -1.9531250e-003
 -1.9836426e-003
 -1.4953613e-003
 -1.4648438e-003
 -4.8828125e-004
  9.7656250e-004
  1.4648438e-003
  1.8920898e-003
  2.5024414e-003
  2.3193359e-003
  1.4648438e-003
  5.7983398e-004
 -5.1879883e-004
 -1.3122559e-003
 -1.4648438e-003
 -1.4648438e-003
 -1.7089844e-003
 -1.7089844e-003
 -1.0375977e-003
 -2.1362305e-004
  7.6293945e-004
  1.7395020e-003
  1.4953613e-003
  8.5449219e-004
  1.4953613e-003
  2.3803711e-003
  2.5329590e-003
  1.7089844e-003
  3.0517578e-005
 -1.4648438e-003
 -2.0446777e-003
 -1.9836426e-003
 -2.0446777e-003
 -2.4414063e-003
 -2.2583008e-003
 -1.0375977e-003
  7.3242188e-004
  2.0446777e-003
