  9.1552734e-005
  3.0517578e-005
  0.0000000e+000
  6.1035156e-005
  6.1035156e-005
  0.0000000e+000
 -9.1552734e-005
 -1.5258789e-004
 -9.1552734e-005
  3.0517578e-005
  1.2207031e-004
  1.8310547e-004
  2.1362305e-004
  3.0517578e-005
 -1.2207031e-004
 -2.7465820e-004
 -1.5258789e-004
 -1.5258789e-004
  6.1035156e-005
  6.1035156e-005
 -1.2207031e-004
 -3.0517578e-005
  6.1035156e-005
  0.0000000e+000
  3.3569336e-004
 -3.0517578e-004
  6.7138672e-004
 -1.1596680e-003
  1.1596680e-003
 -2.1667480e-003
  2.4719238e-003
 -3.1433105e-003
  4.1503906e-003
 -1.3427734e-003
  1.5148926e-001
  2.8192139e-001
 -3.8574219e-002
 -2.2793579e-001
 -1.7333984e-001
 -8.2153320e-002
  1.0180664e-001
  2.5970459e-001
  4.0383911e-001
  4.4943237e-001
  1.5368652e-001
 -2.4591064e-001
 -1.7886353e-001
 -1.2271118e-001
 -4.1442871e-001
 -4.5083618e-001
 -2.7291870e-001
 -2.2982788e-001
 -1.2524414e-001
  3.2348633e-002
  6.2744141e-002
  1.3320923e-001
  2.6000977e-001
  2.6577759e-001
  2.2186279e-001
  1.8161011e-001
  9.6252441e-002
  2.3803711e-002
 -1.3092041e-002
 -4.3548584e-002
 -6.3018799e-002
 -6.5185547e-002
 -1.0302734e-001
 -1.4486694e-001
 -1.0507202e-001
 -7.5012207e-002
 -1.5267944e-001
 -1.9128418e-001
 -9.3658447e-002
 -4.5471191e-003
  3.1555176e-002
  6.5887451e-002
  8.7219238e-002
  9.7900391e-002
  1.2551880e-001
  1.3763428e-001
  1.1325073e-001
  8.6700439e-002
  4.3518066e-002
 -2.2583008e-003
 -2.0599365e-002
 -3.5461426e-002
 -6.3232422e-002
 -8.3129883e-002
 -9.2346191e-002
 -9.3444824e-002
 -6.6986084e-002
 -3.6651611e-002
 -1.9165039e-002
  2.1362305e-004
  2.0812988e-002
  3.0151367e-002
  3.3630371e-002
  3.9276123e-002
  4.2541504e-002
  4.3884277e-002
  3.4973145e-002
  1.9866943e-002
  8.9111328e-003
 -4.2724609e-004
 -1.1840820e-002
 -2.1087646e-002
 -2.5726318e-002
 -3.2318115e-002
 -3.7048340e-002
 -3.4637451e-002
 -2.5238037e-002
 -1.2115479e-002
 -4.5776367e-004
  7.4462891e-003
  1.0192871e-002
  1.2237549e-002
  1.5960693e-002
  2.0507813e-002
  2.4505615e-002
  2.4444580e-002
  1.7883301e-002
  7.5988770e-003
 -1.6479492e-003
 -8.3312988e-003
 -1.0162354e-002
 -1.0559082e-002
 -1.5014648e-002
 -2.1423340e-002
 -2.3651123e-002
 -1.9042969e-002
 -9.2468262e-003
  8.5449219e-004
  5.6152344e-003
  5.8593750e-003
  5.0354004e-003
  5.9204102e-003
  9.7351074e-003
  1.4160156e-002
  1.5380859e-002
  1.2023926e-002
  6.8969727e-003
  3.0212402e-003
  1.5258789e-003
  1.8005371e-003
  1.7089844e-003
 -5.1879883e-004
 -4.4860840e-003
 -7.0495605e-003
 -7.5073242e-003
 -6.0119629e-003
 -2.6245117e-003
  1.5258789e-004
  9.4604492e-004
  1.6784668e-003
  3.8146973e-003
  6.6223145e-003
  9.9182129e-003
  1.1749268e-002
  1.1230469e-002
  9.1857910e-003
  6.6528320e-003
  4.3334961e-003
  2.7160645e-003
  1.3122559e-003
 -1.1596680e-003
 -3.6926270e-003
 -5.3710938e-003
 -5.3710938e-003
 -3.3264160e-003
 -3.9672852e-004
  2.3803711e-003
  3.9367676e-003
  3.9672852e-003
  3.2958984e-003
  1.7395020e-003
 -1.1596680e-003
 -3.7231445e-003
 -4.0893555e-003
 -2.2583008e-003
  8.2397461e-004
  3.8452148e-003
  6.4392090e-003
  8.4533691e-003
  9.0332031e-003
  7.8735352e-003
  4.9438477e-003
  3.9672852e-004
 -4.5776367e-003
 -7.2326660e-003
 -6.4086914e-003
 -4.5776367e-003
 -3.5095215e-003
 -2.3193359e-003
  1.3732910e-003
  7.6599121e-003
  1.2603760e-002
  1.3000488e-002
  9.7045898e-003
  5.3405762e-003
  1.9836426e-003
 -7.3242188e-004
 -3.6926270e-003
 -5.3710938e-003
 -5.5847168e-003
 -6.4086914e-003
 -7.4768066e-003
 -7.3547363e-003
 -5.7983398e-003
 -3.4484863e-003
 -3.9672852e-004
  4.2724609e-003
  8.8500977e-003
  7.8430176e-003
  2.1667480e-003
 -1.5869141e-003
  6.4086914e-004
  6.1645508e-003
  1.0437012e-002
  1.3214111e-002
  1.2725830e-002
  8.4838867e-003
  2.6245117e-003
 -3.2043457e-003
 -8.6975098e-003
 -1.3031006e-002
 -1.4556885e-002
 -9.0637207e-003
  1.8615723e-003
  8.7280273e-003
  7.8430176e-003
  4.8828125e-003
  2.8686523e-003
  2.6855469e-003
  4.2114258e-003
  3.2958984e-003
  5.5236816e-003
  1.1077881e-002
  1.1749268e-002
  8.8806152e-003
  4.4250488e-003
 -2.6245117e-003
 -7.1411133e-003
 -7.8125000e-003
 -8.4838867e-003
 -6.1645508e-003
 -3.9672852e-004
  2.4414063e-003
  3.2348633e-003
  4.6997070e-003
  1.6174316e-003
 -3.1433105e-003
 -2.9296875e-003
 -1.2207031e-003
 -1.8310547e-004
  4.8828125e-004
 -4.5776367e-004
 -1.3732910e-003
  2.4414063e-004
  3.2043457e-003
  4.0588379e-003
  3.9367676e-003
  3.3874512e-003
  1.0681152e-003
 -1.2207031e-003
 -2.5024414e-003
 -2.9907227e-003
 -2.4719238e-003
 -2.7465820e-003
 -2.6855469e-003
 -1.6174316e-003
 -4.2724609e-004
  1.7700195e-003
  2.7770996e-003
  2.0446777e-003
  1.4648438e-003
  1.7395020e-003
  1.4648438e-003
  1.4038086e-003
  1.4343262e-003
  2.4414063e-004
  9.4604492e-004
  3.1738281e-003
  3.4484863e-003
  2.9907227e-003
  1.8615723e-003
 -1.6784668e-003
 -3.5705566e-003
 -4.2419434e-003
 -5.0659180e-003
 -3.9978027e-003
 -2.5634766e-003
 -2.1667480e-003
 -7.6293945e-004
  1.9531250e-003
  3.9367676e-003
  5.0354004e-003
  5.1269531e-003
  4.0588379e-003
  2.3498535e-003
  6.1035156e-004
 -1.3122559e-003
 -2.1667480e-003
 -2.3193359e-003
 -2.3803711e-003
 -1.9836426e-003
 -1.2207031e-003
 -1.1291504e-003
 -1.4953613e-003
 -1.0986328e-003
 -1.6479492e-003
 -1.7089844e-003
 -7.0190430e-004
 -2.7465820e-004
  8.2397461e-004
  1.4038086e-003
  1.3732910e-003
  2.6245117e-003
  4.4860840e-003
  4.5776367e-003
  2.4108887e-003
 -1.2207031e-004
 -2.0751953e-003
 -2.3193359e-003
 -2.3498535e-003
 -2.8991699e-003
 -3.4484863e-003
 -4.2419434e-003
 -4.1809082e-003
 -2.7770996e-003
 -1.1596680e-003
  9.1552734e-005
  1.4648438e-003
  2.4719238e-003
  2.9602051e-003
  3.3874512e-003
  3.2653809e-003
  2.3803711e-003
  1.7089844e-003
  8.5449219e-004
 -9.1552734e-004
 -2.8686523e-003
 -3.5400391e-003
 -3.6315918e-003
 -3.5400391e-003
 -2.4414063e-003
 -5.7983398e-004
 -1.2207031e-004
 -1.0986328e-003
 -1.7700195e-003
 -2.0751953e-003
 -1.2207031e-003
  3.6621094e-004
  1.0375977e-003
  3.0517578e-004
 -5.4931641e-004
 -7.3242188e-004
 -1.7089844e-003
 -2.6855469e-003
 -2.1057129e-003
 -8.2397461e-004
 -2.7465820e-004
 -4.8828125e-004
 -5.4931641e-004
 -8.2397461e-004
 -1.5258789e-004
  1.5258789e-004
 -5.4931641e-004
  3.6621094e-004
  1.4953613e-003
 -1.0375977e-003
 -3.2043457e-003
 -1.2207031e-004
  1.8920898e-003
  1.3427734e-003
  1.8310547e-003
  1.5869141e-003
 -1.6174316e-003
 -4.7302246e-003
 -5.1879883e-003
 -1.8920898e-003
  1.7089844e-003
 -6.1035156e-005
 -1.4648438e-003
  5.4931641e-004
  1.5258789e-004
 -1.6174316e-003
  7.3242188e-004
  3.1127930e-003
  1.5258789e-003
  1.2207031e-004
 -3.0517578e-004
 -1.5258789e-003
 -2.0141602e-003
 -1.8920898e-003
 -2.1667480e-003
 -1.6479492e-003
  4.8828125e-004
  2.0141602e-003
  1.9531250e-003
  1.5563965e-003
 -3.3569336e-004
 -2.2583008e-003
 -2.8076172e-003
 -2.9907227e-003
 -2.5024414e-003
 -1.3427734e-003
 -1.5563965e-003
 -2.6245117e-003
 -1.0375977e-003
  1.2817383e-003
  2.1057129e-003
  2.5939941e-003
  2.9602051e-003
  2.1972656e-003
  8.8500977e-004
 -3.0517578e-004
 -1.9531250e-003
 -3.1738281e-003
 -3.4179688e-003
 -3.8452148e-003
 -3.7231445e-003
 -2.3803711e-003
 -7.9345703e-004
  3.9672852e-004
  1.2512207e-003
  1.4343262e-003
  1.2817383e-003
  1.5258789e-003
  1.1596680e-003
  6.4086914e-004
  5.7983398e-004
  5.1879883e-004
  3.0517578e-004
  0.0000000e+000
 -3.3569336e-004
 -3.0517578e-004
 -3.0517578e-004
 -1.9226074e-003
 -4.4250488e-003
 -4.5776367e-003
 -1.5563965e-003
  1.8005371e-003
  3.5095215e-003
  2.5939941e-003
  4.5776367e-004
 -4.5776367e-004
 -3.6621094e-004
 -3.0517578e-004
 -2.1362305e-004
 -4.2724609e-004
 -9.7656250e-004
 -1.2817383e-003
 -1.8310547e-003
 -2.1362305e-003
 -1.4648438e-003
 -6.1035156e-004
 -7.3242188e-004
 -3.0517578e-004
  1.8310547e-004
 -5.7983398e-004
 -5.7983398e-004
  7.0190430e-004
  8.2397461e-004
 -2.4414063e-004
 -4.2724609e-004
 -7.9345703e-004
 -1.0986328e-003
  3.0517578e-004
  1.4343262e-003
  1.4343262e-003
  1.6174316e-003
  4.5776367e-004
 -1.6174316e-003
 -1.9531250e-003
 -1.9836426e-003
 -2.6245117e-003
 -2.0446777e-003
 -1.0375977e-003
 -1.8310547e-004
  1.1596680e-003
  2.0751953e-003
  2.1972656e-003
  2.5329590e-003
  2.7160645e-003
  1.6174316e-003
  0.0000000e+000
 -9.1552734e-004
 -1.6174316e-003
 -1.8615723e-003
 -1.4343262e-003
 -1.2817383e-003
 -1.7395020e-003
 -1.2512207e-003
  1.8310547e-004
  1.3732910e-003
  1.7395020e-003
  1.0986328e-003
  7.3242188e-004
  1.8005371e-003
  2.8381348e-003
  2.3193359e-003
  8.2397461e-004
 -1.0070801e-003
 -2.1057129e-003
 -1.7700195e-003
 -1.2207031e-003
 -1.5258789e-003
 -2.2888184e-003
 -2.3803711e-003
 -1.0070801e-003
  1.0681152e-003
  1.8005371e-003
