  6.1035156e-005
  0.0000000e+000
  3.0517578e-005
  9.1552734e-005
  3.0517578e-005
 -1.2207031e-004
 -1.5258789e-004
 -9.1552734e-005
 -3.0517578e-005
  1.2207031e-004
  1.8310547e-004
  1.8310547e-004
  9.1552734e-005
 -3.0517578e-005
 -1.8310547e-004
 -1.5258789e-004
 -1.5258789e-004
  0.0000000e+000
  6.1035156e-005
  0.0000000e+000
 -1.8310547e-004
  1.5258789e-004
 -1.2207031e-004
  4.5776367e-004
 -4.2724609e-004
  7.0190430e-004
 -1.0986328e-003
  7.9345703e-004
 -1.5869141e-003
  1.3732910e-003
 -1.6479492e-003
  2.3498535e-003
 -3.7841797e-003
  8.4289551e-002
  2.9504395e-001
  1.0046387e-001
 -2.2494507e-001
 -2.3553467e-001
 -1.1346436e-001
  5.9753418e-002
  2.2409058e-001
  4.0335083e-001
  4.7003174e-001
  2.4160767e-001
 -1.4761353e-001
 -2.1447754e-001
 -1.2521362e-001
 -3.3981323e-001
 -4.9429321e-001
 -3.6285400e-001
 -2.4548340e-001
 -1.4694214e-001
  7.9345703e-003
  6.9458008e-002
  1.1154175e-001
  2.3785400e-001
  2.9727173e-001
  2.3956299e-001
  1.6308594e-001
  1.0244751e-001
  4.4372559e-002
 -6.4086914e-004
 -2.9754639e-002
 -5.0659180e-002
 -5.8563232e-002
 -9.7534180e-002
 -1.3565063e-001
 -1.0110474e-001
 -8.8348389e-002
 -1.6397095e-001
 -1.9638062e-001
 -1.0644531e-001
 -1.6662598e-002
  1.8646240e-002
  5.2124023e-002
  8.0108643e-002
  1.0064697e-001
  1.2875366e-001
  1.4379883e-001
  1.2695313e-001
  9.7045898e-002
  5.3588867e-002
  3.8757324e-003
 -2.2491455e-002
 -3.6285400e-002
 -5.9967041e-002
 -8.4136963e-002
 -9.5336914e-002
 -9.5367432e-002
 -7.3150635e-002
 -4.1046143e-002
 -1.9287109e-002
  1.6174316e-003
  2.2766113e-002
  3.1799316e-002
  3.2409668e-002
  3.9276123e-002
  4.5043945e-002
  4.2663574e-002
  3.3569336e-002
  2.0599365e-002
  9.5825195e-003
 -7.6293945e-004
 -1.1383057e-002
 -2.0202637e-002
 -2.5665283e-002
 -3.1860352e-002
 -3.7414551e-002
 -3.5339355e-002
 -2.6153564e-002
 -1.3275146e-002
 -1.4648438e-003
  7.2631836e-003
  1.1260986e-002
  1.3061523e-002
  1.5930176e-002
  1.9805908e-002
  2.4291992e-002
  2.4963379e-002
  1.8890381e-002
  7.9650879e-003
 -2.1667480e-003
 -9.1247559e-003
 -1.1657715e-002
 -1.1383057e-002
 -1.3580322e-002
 -1.9165039e-002
 -2.3437500e-002
 -2.0782471e-002
 -1.1077881e-002
  6.4086914e-004
  7.3242188e-003
  7.7209473e-003
  5.7983398e-003
  5.7678223e-003
  9.1552734e-003
  1.3275146e-002
  1.4587402e-002
  1.1444092e-002
  6.0119629e-003
  1.8005371e-003
  4.5776367e-004
  1.0986328e-003
  1.4953613e-003
 -1.8310547e-004
 -3.6621094e-003
 -5.9204102e-003
 -6.0119629e-003
 -4.5471191e-003
 -1.4038086e-003
  1.3122559e-003
  1.8920898e-003
  1.8310547e-003
  3.0517578e-003
  5.4626465e-003
  8.7585449e-003
  1.0864258e-002
  1.0070801e-002
  7.9040527e-003
  6.0424805e-003
  4.4860840e-003
  3.2348633e-003
  2.2583008e-003
  3.9672852e-004
 -1.9836426e-003
 -4.1198730e-003
 -5.2185059e-003
 -4.3334961e-003
 -1.9531250e-003
  9.1552734e-004
  3.2043457e-003
  4.2724609e-003
  4.6386719e-003
  4.1809082e-003
  1.9531250e-003
 -1.6784668e-003
 -4.4860840e-003
 -4.7607422e-003
 -2.4108887e-003
  1.0681152e-003
  4.2724609e-003
  7.0190430e-003
  8.4838867e-003
  7.9956055e-003
  6.1035156e-003
  2.8686523e-003
 -1.6784668e-003
 -5.2490234e-003
 -5.9814453e-003
 -4.5166016e-003
 -3.0212402e-003
 -2.5024414e-003
 -1.2512207e-003
  3.0517578e-003
  9.3994141e-003
  1.3366699e-002
  1.1962891e-002
  7.3242188e-003
  3.6621094e-003
  1.5563965e-003
 -1.0070801e-003
 -3.8452148e-003
 -5.3100586e-003
 -6.3171387e-003
 -7.6904297e-003
 -8.4533691e-003
 -7.5683594e-003
 -4.9438477e-003
 -2.0446777e-003
  8.8500977e-004
  5.4931641e-003
  8.3923340e-003
  5.4626465e-003
  9.4604492e-004
  2.1362305e-004
  4.0893555e-003
  8.9111328e-003
  1.1718750e-002
  1.3549805e-002
  1.2084961e-002
  6.7443848e-003
  4.5776367e-004
 -6.4086914e-003
 -1.3214111e-002
 -1.6662598e-002
 -1.4068604e-002
 -4.6081543e-003
  6.6223145e-003
  1.0131836e-002
  6.7138672e-003
  5.0048828e-003
  4.8522949e-003
  3.6315918e-003
  2.7160645e-003
  2.7160645e-003
  5.5541992e-003
  1.0375977e-002
  1.1749268e-002
  7.9956055e-003
  2.5024414e-003
 -4.0588379e-003
 -8.2092285e-003
 -8.5449219e-003
 -7.1411133e-003
 -3.9367676e-003
  3.9672852e-004
  3.0517578e-003
  3.9978027e-003
  4.5776367e-003
  9.1552734e-004
 -3.4790039e-003
 -2.9296875e-003
 -8.5449219e-004
 -1.2207031e-004
 -3.3569336e-004
 -1.2817383e-003
 -1.3732910e-003
  7.3242188e-004
  3.5705566e-003
  4.3945313e-003
  3.9978027e-003
  3.1738281e-003
  6.1035156e-004
 -1.5563965e-003
 -2.1057129e-003
 -2.0751953e-003
 -2.1057129e-003
 -2.8381348e-003
 -2.8991699e-003
 -2.3498535e-003
 -1.0070801e-003
  9.4604492e-004
  8.5449219e-004
  3.3569336e-004
  1.3122559e-003
  2.1972656e-003
  1.9836426e-003
  2.2888184e-003
  2.2888184e-003
  1.6479492e-003
  3.2043457e-003
  5.0048828e-003
  3.9062500e-003
  2.1362305e-003
 -4.5776367e-004
 -4.2419434e-003
 -5.8898926e-003
 -6.1035156e-003
 -5.6152344e-003
 -3.5705566e-003
 -2.0446777e-003
 -1.1901855e-003
  9.7656250e-004
  3.5705566e-003
  4.6081543e-003
  5.2490234e-003
  5.9204102e-003
  4.5471191e-003
  2.2583008e-003
  1.2207031e-004
 -1.8310547e-003
 -2.4414063e-003
 -2.7160645e-003
 -3.0822754e-003
 -2.5634766e-003
 -1.8615723e-003
 -2.1057129e-003
 -2.0141602e-003
 -1.3427734e-003
 -1.5258789e-003
 -1.0375977e-003
  0.0000000e+000
  7.0190430e-004
  1.8310547e-003
  1.9836426e-003
  1.3427734e-003
  2.2277832e-003
  4.4555664e-003
  4.7912598e-003
  2.7465820e-003
 -9.1552734e-005
 -2.8076172e-003
 -3.2958984e-003
 -3.2653809e-003
 -3.9062500e-003
 -3.8452148e-003
 -3.9062500e-003
 -4.2419434e-003
 -2.8686523e-003
 -1.4343262e-003
 -5.4931641e-004
  1.1596680e-003
  3.0822754e-003
  4.6691895e-003
  5.2795410e-003
  4.6081543e-003
  3.0212402e-003
  1.3732910e-003
 -1.0375977e-003
 -2.7770996e-003
 -3.4179688e-003
 -4.0283203e-003
 -3.8146973e-003
 -2.9602051e-003
 -2.0751953e-003
 -7.0190430e-004
 -2.4414063e-004
 -1.7700195e-003
 -2.6550293e-003
 -1.0070801e-003
  9.4604492e-004
  1.0681152e-003
  5.4931641e-004
 -5.1879883e-004
 -1.8005371e-003
 -1.2512207e-003
 -3.0517578e-004
 -1.6174316e-003
 -2.8381348e-003
 -1.6479492e-003
 -9.7656250e-004
 -9.7656250e-004
  3.6621094e-004
  5.4931641e-004
 -6.7138672e-004
 -1.8310547e-004
  8.5449219e-004
  6.7138672e-004
  6.7138672e-004
 -1.3427734e-003
 -2.5024414e-003
 -1.5258789e-004
  3.3569336e-004
 -1.1901855e-003
 -2.1362305e-004
  2.9296875e-003
  1.9836426e-003
 -2.7160645e-003
 -4.0588379e-003
 -2.1972656e-003
 -2.5939941e-003
 -4.2114258e-003
 -1.7700195e-003
  2.6855469e-003
  3.2653809e-003
  2.1362305e-003
  2.3498535e-003
  2.6855469e-003
  1.9226074e-003
  1.5258789e-004
 -1.9836426e-003
 -3.1127930e-003
 -2.6245117e-003
 -2.5939941e-003
 -3.6315918e-003
 -3.3874512e-003
 -5.4931641e-004
  2.0751953e-003
  2.3193359e-003
  2.1362305e-003
  1.8310547e-003
 -4.2724609e-004
 -2.8381348e-003
 -3.2043457e-003
 -2.6855469e-003
 -1.7700195e-003
 -6.7138672e-004
 -4.5776367e-004
 -1.5258789e-004
  6.7138672e-004
  8.5449219e-004
  9.4604492e-004
  2.0751953e-003
  2.1057129e-003
  8.5449219e-004
 -5.7983398e-004
 -2.8381348e-003
 -4.3334961e-003
 -3.9062500e-003
 -2.7465820e-003
 -1.8310547e-003
 -5.7983398e-004
  2.1362305e-004
  2.7465820e-004
  5.4931641e-004
  7.0190430e-004
  3.6621094e-004
  7.3242188e-004
  1.4038086e-003
  1.3427734e-003
  1.0070801e-003
  1.2207031e-003
  1.1291504e-003
  6.1035156e-005
 -6.1035156e-004
 -1.1596680e-003
 -1.4038086e-003
 -2.5634766e-003
 -5.0659180e-003
 -4.9438477e-003
 -1.2207031e-003
  2.1972656e-003
  3.6621094e-003
  3.2653809e-003
  1.1596680e-003
 -6.1035156e-005
  2.1362305e-004
  4.2724609e-004
  9.1552734e-005
 -4.8828125e-004
 -1.7089844e-003
 -2.6855469e-003
 -2.5024414e-003
 -2.2583008e-003
 -1.8615723e-003
 -8.8500977e-004
 -4.8828125e-004
 -6.1035156e-005
  6.1035156e-004
  4.2724609e-004
  3.0517578e-005
  6.1035156e-004
  1.0375977e-003
 -1.8310547e-004
 -1.0070801e-003
 -7.6293945e-004
 -4.8828125e-004
  5.4931641e-004
  1.7700195e-003
  1.3122559e-003
  2.1362305e-004
 -3.6621094e-004
 -1.6479492e-003
 -2.3193359e-003
 -2.0141602e-003
 -2.2277832e-003
 -2.2888184e-003
 -7.6293945e-004
  1.0986328e-003
  1.8310547e-003
  2.3498535e-003
  2.5024414e-003
  2.1362305e-003
  1.8005371e-003
  1.1901855e-003
 -3.9672852e-004
 -1.5258789e-003
 -1.7089844e-003
 -1.6479492e-003
 -1.2512207e-003
 -8.8500977e-004
 -9.7656250e-004
 -8.5449219e-004
  4.8828125e-004
  1.7089844e-003
  1.3427734e-003
  1.5258789e-004
  3.3569336e-004
  1.7700195e-003
  2.7770996e-003
  2.4108887e-003
  4.2724609e-004
 -1.6174316e-003
 -1.9226074e-003
 -1.1596680e-003
 -8.5449219e-004
 -1.0375977e-003
 -2.1057129e-003
 -2.9296875e-003
 -1.3732910e-003
  9.1552734e-004
  1.4038086e-003
