  1.2207031e-004
  9.1552734e-005
  0.0000000e+000
  0.0000000e+000
  3.0517578e-005
 -3.0517578e-005
  0.0000000e+000
  6.1035156e-005
  0.0000000e+000
 -6.1035156e-005
 -3.0517578e-005
 -3.0517578e-005
  3.0517578e-005
  1.2207031e-004
  6.1035156e-005
  1.2207031e-004
  9.1552734e-005
 -3.0517578e-005
 -1.8310547e-004
 -6.1035156e-005
 -1.8310547e-004
 -6.1035156e-005
  6.1035156e-005
 -9.1552734e-005
 -9.1552734e-005
  1.5258789e-004
 -9.1552734e-005
  3.0517578e-004
 -3.3569336e-004
  6.7138672e-004
 -1.0986328e-003
  1.1596680e-003
 -1.9226074e-003
  2.0751953e-003
 -2.4719238e-003
  3.4484863e-003
 -2.4414063e-003
  1.0580444e-001
  2.0932007e-001
 -3.1402588e-002
 -1.1837769e-001
 -7.4707031e-002
 -1.0882568e-001
  3.4118652e-002
  1.8069458e-001
  2.3587036e-001
  3.5443115e-001
  2.5750732e-001
 -1.4413452e-001
 -1.5158081e-001
 -2.7648926e-002
 -3.0218506e-001
 -3.9334106e-001
 -2.2866821e-001
 -2.3818970e-001
 -1.8447876e-001
  3.1738281e-003
  4.5806885e-002
  8.3160400e-002
  2.1755981e-001
  2.2311401e-001
  1.7391968e-001
  1.9793701e-001
  1.4041138e-001
  3.2562256e-002
 -1.3336182e-002
 -3.8421631e-002
 -7.2814941e-002
 -7.7545166e-002
 -9.1094971e-002
 -1.2286377e-001
 -9.7717285e-002
 -6.0607910e-002
 -8.9813232e-002
 -1.1471558e-001
 -6.3751221e-002
 -1.9378662e-002
 -2.3193359e-003
  3.2226563e-002
  6.1309814e-002
  6.9488525e-002
  8.3801270e-002
  9.6069336e-002
  8.3984375e-002
  7.3913574e-002
  5.0354004e-002
  1.0253906e-002
 -9.9487305e-003
 -1.9470215e-002
 -4.2510986e-002
 -6.1340332e-002
 -6.6131592e-002
 -7.2204590e-002
 -6.2561035e-002
 -4.4006348e-002
 -3.1829834e-002
 -1.2451172e-002
  1.1169434e-002
  2.1697998e-002
  2.6733398e-002
  3.6590576e-002
  3.9947510e-002
  3.8970947e-002
  3.3569336e-002
  2.0965576e-002
  9.2163086e-003
  5.4931641e-004
 -9.6740723e-003
 -1.8554688e-002
 -2.1331787e-002
 -2.5634766e-002
 -3.0212402e-002
 -2.7404785e-002
 -1.9744873e-002
 -1.1932373e-002
 -3.3264160e-003
  4.9438477e-003
  7.8735352e-003
  9.0026855e-003
  1.1444092e-002
  1.3458252e-002
  1.5716553e-002
  1.7242432e-002
  1.3793945e-002
  6.9274902e-003
  1.1901855e-003
 -4.0283203e-003
 -6.7138672e-003
 -6.4697266e-003
 -8.1787109e-003
 -1.2878418e-002
 -1.5655518e-002
 -1.4617920e-002
 -9.8876953e-003
 -2.7160645e-003
  2.1362305e-003
  3.5705566e-003
  3.6621094e-003
  4.3334961e-003
  5.9204102e-003
  8.2397461e-003
  9.8876953e-003
  9.0026855e-003
  6.2866211e-003
  3.7841797e-003
  2.7465820e-003
  2.4414063e-003
  1.6479492e-003
 -2.1362305e-004
 -3.2348633e-003
 -4.9438477e-003
 -5.4626465e-003
 -5.3100586e-003
 -3.1127930e-003
 -2.1362305e-004
  1.4343262e-003
  2.5634766e-003
  4.0283203e-003
  5.4321289e-003
  7.5683594e-003
  9.0332031e-003
  8.3007813e-003
  6.5917969e-003
  4.8217773e-003
  2.3498535e-003
  4.8828125e-004
  6.1035156e-005
 -3.3569336e-004
 -8.2397461e-004
 -1.0375977e-003
 -3.9672852e-004
  8.8500977e-004
  2.3803711e-003
  4.0283203e-003
  4.2419434e-003
  6.1035156e-004
 -4.9133301e-003
 -8.2092285e-003
 -7.9345703e-003
 -5.0048828e-003
 -3.3569336e-004
  4.2419434e-003
  7.7819824e-003
  1.0314941e-002
  1.2145996e-002
  1.2847900e-002
  1.0253906e-002
  3.6621094e-003
 -3.6010742e-003
 -7.8125000e-003
 -8.7890625e-003
 -7.9345703e-003
 -6.7749023e-003
 -5.0048828e-003
 -9.1552734e-004
  4.7302246e-003
  8.9721680e-003
  9.7351074e-003
  7.6599121e-003
  5.6762695e-003
  4.9133301e-003
  3.3264160e-003
  6.1035156e-004
 -1.9531250e-003
 -3.6010742e-003
 -3.8452148e-003
 -3.6621094e-003
 -4.6081543e-003
 -6.0119629e-003
 -6.3171387e-003
 -4.9438477e-003
 -9.7656250e-004
  5.3100586e-003
  9.4299316e-003
  7.2021484e-003
  1.8005371e-003
 -6.1035156e-004
  4.5776367e-004
  3.3874512e-003
  6.8054199e-003
  8.8500977e-003
  9.4299316e-003
  6.5917969e-003
  1.0681152e-003
 -1.7089844e-003
 -1.2817383e-003
 -3.6621094e-003
 -6.4086914e-003
 -4.7912598e-003
 -1.0375977e-003
  2.5939941e-003
  2.7465820e-003
 -2.1362305e-004
 -1.3427734e-003
  3.0517578e-004
  2.3803711e-003
  7.0495605e-003
  1.2847900e-002
  1.4526367e-002
  1.3885498e-002
  1.0528564e-002
  3.2958984e-003
 -3.0822754e-003
 -7.8430176e-003
 -1.1077881e-002
 -1.0589600e-002
 -7.1716309e-003
 -2.7770996e-003
  3.0517578e-004
  1.7089844e-003
  1.8615723e-003
  1.3732910e-003
 -5.1879883e-004
 -2.6855469e-003
 -1.8310547e-003
  1.2207031e-004
  2.0751953e-003
  3.8452148e-003
  4.6386719e-003
  4.7607422e-003
  3.7841797e-003
  1.3427734e-003
 -3.9672852e-004
 -7.6293945e-004
 -2.4414063e-003
 -3.3264160e-003
 -2.9296875e-003
 -3.2348633e-003
 -2.2277832e-003
 -3.0517578e-005
  1.2207031e-003
  2.8686523e-003
  4.7607422e-003
  5.1574707e-003
  4.9133301e-003
  3.0517578e-003
  3.0517578e-004
 -7.6293945e-004
 -7.6293945e-004
 -1.4038086e-003
 -1.8920898e-003
 -1.7089844e-003
 -8.8500977e-004
 -3.0517578e-005
  1.0070801e-003
  2.8381348e-003
  3.6315918e-003
  2.3498535e-003
  3.3569336e-004
 -2.7465820e-004
 -1.2512207e-003
 -2.4414063e-003
 -2.2583008e-003
 -1.5563965e-003
 -8.8500977e-004
  3.0517578e-004
  1.1596680e-003
  6.1035156e-004
  3.6621094e-004
  4.2724609e-004
 -4.2724609e-004
 -2.1362305e-004
  1.8310547e-004
 -7.9345703e-004
 -6.4086914e-004
 -3.0517578e-004
  1.2207031e-004
  1.0375977e-003
  1.3122559e-003
  1.0070801e-003
  6.4086914e-004
 -6.1035156e-005
 -1.3732910e-003
 -2.5329590e-003
 -3.9978027e-003
 -3.9062500e-003
 -1.5258789e-004
  3.3874512e-003
  3.7231445e-003
  2.4414063e-003
  8.2397461e-004
 -3.6621094e-004
  0.0000000e+000
  4.5776367e-004
 -3.0517578e-005
 -8.5449219e-004
 -2.2583008e-003
 -3.0517578e-003
 -1.3427734e-003
  1.2207031e-004
  6.4086914e-004
  1.3122559e-003
  6.1035156e-004
  4.8828125e-004
  1.6479492e-003
  1.6784668e-003
  3.6621094e-004
 -2.4414063e-004
 -1.2817383e-003
 -2.6550293e-003
 -2.3193359e-003
 -8.8500977e-004
 -3.0517578e-005
 -3.0517578e-004
 -2.4414063e-004
  2.4414063e-004
  9.1552734e-005
 -2.7465820e-004
 -1.0375977e-003
 -2.8076172e-003
 -2.1972656e-003
 -1.2207031e-004
 -1.1291504e-003
 -2.9296875e-003
 -2.3193359e-003
 -1.9836426e-003
 -1.9531250e-003
  0.0000000e+000
  8.2397461e-004
 -9.1552734e-005
  6.1035156e-005
  1.5258789e-004
 -8.5449219e-004
 -7.0190430e-004
  3.0517578e-004
 -6.4086914e-004
 -1.2207031e-003
 -3.6621094e-004
 -1.5258789e-004
 -3.9672852e-004
 -2.1362305e-004
 -6.7138672e-004
 -1.5258789e-003
  1.2207031e-004
  2.4414063e-004
 -3.9672852e-004
  1.5869141e-003
  3.1738281e-003
  2.1362305e-003
 -1.2207031e-004
 -3.2043457e-003
 -4.7607422e-003
 -3.6010742e-003
 -3.6010742e-003
 -2.8381348e-003
  1.6174316e-003
  2.9907227e-003
  1.4648438e-003
  2.7465820e-003
  1.2207031e-003
 -2.1362305e-003
 -2.7465820e-003
 -1.4648438e-003
 -5.7983398e-004
  1.0375977e-003
  2.5939941e-003
  1.7089844e-003
 -2.7465820e-004
 -2.5329590e-003
 -2.9602051e-003
 -1.8310547e-003
 -1.3732910e-003
 -1.1901855e-003
 -1.4343262e-003
 -2.6245117e-003
 -2.2583008e-003
  3.0517578e-005
  1.7089844e-003
  1.9836426e-003
  1.3427734e-003
  1.2207031e-004
 -3.0517578e-004
 -2.4414063e-004
 -7.3242188e-004
 -1.1291504e-003
 -1.5563965e-003
 -1.8310547e-003
 -1.1901855e-003
 -3.6621094e-004
 -1.5258789e-004
 -3.3569336e-004
 -9.1552734e-004
 -1.1291504e-003
 -5.4931641e-004
 -3.6621094e-004
  9.1552734e-005
  6.7138672e-004
  9.1552734e-004
  1.0681152e-003
  1.2207031e-004
 -9.1552734e-004
 -4.2724609e-004
 -3.0517578e-005
 -1.2512207e-003
 -1.0375977e-003
  6.4086914e-004
  1.4953613e-003
  5.4931641e-004
 -2.1972656e-003
 -4.3945313e-003
 -2.6855469e-003
  1.5563965e-003
  3.6926270e-003
  3.8452148e-003
  1.8615723e-003
 -1.4038086e-003
 -2.8991699e-003
 -2.1667480e-003
 -1.4343262e-003
 -6.4086914e-004
 -3.0517578e-004
 -1.0986328e-003
 -9.1552734e-004
 -7.0190430e-004
 -7.6293945e-004
  1.2207031e-004
  4.5776367e-004
 -4.2724609e-004
 -9.1552734e-004
 -1.0070801e-003
 -5.4931641e-004
  4.2724609e-004
 -2.7465820e-004
 -2.0141602e-003
 -1.3122559e-003
 -6.1035156e-005
 -3.0517578e-005
  3.0517578e-004
 -9.1552734e-005
 -4.8828125e-004
  5.1879883e-004
  1.2512207e-003
  7.0190430e-004
  3.9672852e-004
 -3.6621094e-004
 -1.0375977e-003
 -4.2724609e-004
 -7.3242188e-004
 -1.1596680e-003
 -7.6293945e-004
 -3.0517578e-004
  3.9672852e-004
  1.3732910e-003
  1.7395020e-003
  1.0986328e-003
  5.1879883e-004
  3.0517578e-004
  1.5258789e-004
 -1.5258789e-004
 -3.0517578e-004
 -3.9672852e-004
 -8.2397461e-004
 -9.1552734e-004
 -2.1362305e-004
  8.8500977e-004
  1.4953613e-003
  9.7656250e-004
 -1.8310547e-004
 -6.1035156e-004
 -3.6621094e-004
  6.1035156e-004
  1.9531250e-003
  1.5258789e-003
 -3.0517578e-004
 -1.3427734e-003
 -1.2512207e-003
 -2.7465820e-004
  1.8310547e-004
 -7.0190430e-004
 -1.3122559e-003
 -9.7656250e-004
 -2.4414063e-004
